,Seed,P_BKS,t_BKS,P_DKM,t_DKM,t_depol,t_pol,P_eq,qx,qy,qs
0,646278384,32.447330483686436,877.54404013179,32.44756695454931,877.5308528238482,58394933.471804686,7.29504687231868e-07,32.014261738796506,15.418285830166576,15.374951205233225,0.03668474478412792
1,3889938154,35.23410261082871,875.5325906580962,35.223091918413715,875.5191053194036,56842881.58605937,7.295046872304747e-07,35.30664748744953,15.416689166358982,15.379165383996426,0.03669295203630213
2,3941667913,4.3514950160376,888.3754065991693,4.370635408657689,888.3595776750109,49857892.62265159,7.295046872392618e-07,4.262279523020748,15.41085921763003,15.39375731098946,0.03670823578630328
3,2046813066,20.549689524113706,884.2036660382461,20.546872797437874,884.1891399236454,53820536.357043594,7.295046872364356e-07,20.06365181431096,15.41578227684974,15.376308476988399,0.03669404466412418
4,766350031,12.48019844041062,886.9258272778528,12.471318950926326,886.9106137820969,51705665.97379314,7.295046872382828e-07,12.365978989717192,15.428481943168345,15.37422942453245,0.036655894962700275
5,4154042692,23.240956415079197,882.9220662672966,23.225938592069525,882.9079060156666,55051201.989540994,7.295046872355619e-07,22.202854693342356,15.416860195740494,15.383127163918179,0.036690252410530366
6,2272015753,57.016384014672326,853.7166702131163,57.005629343023834,853.7068354894557,74107192.23816994,7.295046872149423e-07,56.327188966945876,15.416235240959068,15.388008659602768,0.036693653625817946
7,531472460,69.05997528181767,836.3972700847306,69.06793415457103,836.3902004042392,98951357.30511005,7.295046872020341e-07,68.7774686786714,15.416942127363278,15.381514271934565,0.036693903072449296
8,955156742,12.510748719723866,886.872473964104,12.513100901236191,886.8575950360911,52861979.618444666,7.295046872382468e-07,12.303036539876546,15.420665363427384,15.38737601128267,0.0366845911063437
9,1339196779,15.743457481974582,885.9399655480265,15.742641069754324,885.925561817664,54491221.50727771,7.295046872376152e-07,15.592017116338553,15.424577894123464,15.382586325337243,0.036671826818644726
10,4086399776,10.01181870771853,887.4662225353579,10.01062177318048,887.4507793656093,50998765.38704765,7.295046872386483e-07,9.846278292534045,15.407201052568118,15.388249427688146,0.03672354880484657
11,2951510132,6.856132293186022,887.9735479458578,6.833217439755206,887.9577783471158,50000195.42416553,7.295046872389908e-07,6.585518209837263,15.42433012929562,15.374209562998812,0.03667032515761276
12,1795898394,9.077726398464943,887.6496532509801,9.080936990205986,887.6345765948373,52260164.10158558,7.295046872387722e-07,8.929632838393859,15.420326154666613,15.38177266925813,0.03668397434239817
13,146706780,31.51382274664185,878.1485212932813,31.518619242526952,878.135807572309,60653656.202631935,7.295046872322855e-07,31.116165790608076,15.420554410802954,15.378874345404908,0.03668172082555804
14,296234469,7.030674444925592,888.0099549464454,7.023224444755928,887.9947544795458,51876576.36601704,7.295046872390154e-07,6.879479114753711,15.419604232498425,15.384013186306756,0.03668368180863135
15,3485570705,47.24707275296132,864.877310354562,47.24656033833669,864.8660541026859,66452228.94079437,7.295046872229862e-07,46.57174506308432,15.41437574520698,15.387473801486903,0.03669966699498134
16,1908281998,25.29422904591176,881.8735052907705,25.287946988580817,881.858547257911,51991307.65039596,7.295046872348453e-07,24.84506374278521,15.418135101172247,15.38715786899554,0.036691844452180156
17,3049479782,6.592045844565679,888.0358017383126,6.5815580323984175,888.0208548006949,52759590.755207896,7.295046872390327e-07,6.52126252283333,15.414514063524006,15.391279952819572,0.036704365960103735
18,1710136505,29.07816186164415,879.7397932786315,29.073359217973827,879.7263237534202,57457871.90412561,7.295046872333815e-07,28.530322064833797,15.423493894743205,15.371891777659512,0.03667446384663514
19,23707132,12.158686348818549,886.981387643264,12.177070885766442,886.9660853191625,51411955.72209455,7.295046872383204e-07,12.061645379571896,15.420217779376788,15.377644073292663,0.03668306431166313
20,4240238802,5.469781847618016,888.1860349261028,5.476374603948685,888.170306725191,50155797.69712555,7.295046872391342e-07,5.413182609739872,15.422729398271056,15.371202317467194,0.036674254624922964
21,598583936,11.975755754070159,887.0180204717462,11.994237520719869,887.0034848516257,54128277.20834859,7.295046872383452e-07,11.640735704142552,15.42120649849837,15.367715111621571,0.03667577813471257
22,675148476,9.846131810329432,887.4867142196234,9.855251358816423,887.4716449019202,52266420.39172638,7.29504687238662e-07,9.947807550722818,15.419521381899832,15.38174011988932,0.03668897168509533
23,3916350336,12.724522895836346,886.8441396678845,12.716838972176092,886.8289155006254,51659904.49340402,7.295046872382275e-07,12.530112516168442,15.425285413710109,15.372189367668994,0.03666619967025958
24,1195211299,18.18689198350874,885.0714128332831,18.194849532144016,885.0571974527686,55105019.76291536,7.295046872370257e-07,17.8093540307406,15.418496347945643,15.372337675460283,0.03668346504155984
25,3250360940,22.528201368430643,883.2741748465157,22.53241497683106,883.2605267352383,57162577.082489535,7.295046872358021e-07,22.21103049872697,15.422179638713914,15.376801678903277,0.036675922562584395
26,1138860150,29.700054242516305,879.3592984391437,29.704815120938626,879.3447925911265,53306777.996606775,7.295046872331198e-07,29.14190359981383,15.409662049803792,15.391073226358316,0.03671391778222921
27,3181482140,9.450180792247695,887.5879306260672,9.423912212512615,887.5727856480323,52017169.670337416,7.295046872387303e-07,9.47708076920124,15.420725844518046,15.379534503952456,0.0366875573218019
28,3647343800,10.27499845842372,887.407189075931,10.295396610256773,887.3924011226226,53251344.51406858,7.295046872386084e-07,10.30148473122775,15.426371071365143,15.372122889936286,0.036671783743934316
29,1614574210,36.1912574079405,874.8289050809493,36.18078030806707,874.8163718878886,61063022.41264936,7.295046872299858e-07,36.014405831117436,15.427172083850543,15.374277723126522,0.03666068299091102
30,479367792,12.408571040452951,886.9206759892108,12.408683962314267,886.9058162565018,52936019.87995605,7.295046872382794e-07,11.872024504868962,15.42590905680631,15.368219944032031,0.036658480372901814
31,2439420962,50.80131514025569,861.0975811140531,50.79146845354734,861.0862023565378,65163463.14457869,7.295046872202852e-07,50.17269312864211,15.414004469372404,15.383863240819188,0.0366983638809989
32,1933299460,12.695840235062624,886.7992620486905,12.704489511249184,886.7840736269939,51776246.261657454,7.295046872381972e-07,12.450221547957888,15.414933313485646,15.38521955468315,0.03669604586426556
33,4014697831,14.008528893287467,886.473468432957,13.99838932216719,886.4594221983012,55945438.60900667,7.295046872379767e-07,13.897432642794156,15.422674531243327,15.380248419271078,0.036677710585228285
34,3810408572,13.272898496310686,886.6637269752383,13.26738243211872,886.6492845634061,54434104.79547259,7.295046872381055e-07,13.029822669587684,15.414845183137508,15.384924947518108,0.0366939701858181
35,146604242,8.211178088619569,887.7622421522366,8.181756502964207,887.7464338039671,49853896.884149835,7.295046872388481e-07,8.151398099214646,15.416528098678942,15.379770004743348,0.036694225404280856
36,1068494569,17.078859708745796,885.506785071183,17.08643709197867,885.4923788671584,54428599.53103237,7.295046872373213e-07,16.93863785729523,15.414031631534968,15.382068106187848,0.03670154710864454
