,Seed,Mode,P_BKS,t_BKS,P_DKM,t_DKM,t_depol,t_pol,P_eq,t_dep_turns,N_over_tau,qx,qy,spin_tune
0,581315476,misaligned,40.32540577188103,871.4485457587541,40.313498704104894,871.4352562059266,57143456.713819854,7.29504687227626e-07,39.02451407709217,35835215908.791,2.790551067266439e-08,15.420194180180419,15.381194872463391,9.643158234434123e-06
1,1886405166,misaligned,16.57083024859203,885.6535353684413,16.585244531614592,885.6383997856227,51822832.93801202,7.295046872374209e-07,15.957200976992628,31570860564.141777,3.167477801146166e-08,15.417856066546712,15.386946825248154,1.854470053545497e-05
2,1426961682,misaligned,45.50923165538052,866.6322600206593,45.51405893548955,866.6197799846987,60179366.540181525,7.295046872242323e-07,43.96677363078665,33862421208.078262,2.953126103580091e-08,15.406224349206157,15.384734745052507,1.3473441563689956e-05
3,3224675569,misaligned,7.456289029856386,887.8965558183852,7.444587404771309,887.8815303328303,52467319.60034921,7.295046872389388e-07,7.1374003705331495,27241766664.921803,3.670833879095155e-08,15.427296547965616,15.374833775837388,1.264274497831686e-05
4,96699067,misaligned,29.97691938917086,879.1549028844505,29.96312649802325,879.1416015438735,58107049.0491752,7.295046872329791e-07,28.866475376262578,31328125351.512363,3.1920199143091246e-08,15.426690929730833,15.381029893812393,2.2971456155691596e-05
5,4137562521,misaligned,6.432267073596251,888.0254011433972,6.441896530405809,888.0098082945027,50572879.3735694,7.295046872390257e-07,6.254168148716843,42746991729.77162,2.3393459037341772e-08,15.421092792932,15.372028420952619,2.685129482528967e-05
6,2738594822,misaligned,7.465349281668654,887.9661491268103,7.467035538755337,887.9513476342678,53269677.80523763,7.295046872389857e-07,7.272995466238773,46023626296.96647,2.1727970619862097e-08,15.416499856281199,15.388183819464741,2.2474194204922494e-05
7,343417383,misaligned,3.580489443059577,888.3445356114596,3.552127524157553,888.3290876974413,51084068.04607862,7.295046872392411e-07,3.4775528844923222,41139352013.46499,2.4307626422329114e-08,15.412670111141283,15.384600835427063,3.630805890312408e-05
8,652854355,misaligned,5.341471365422066,888.221158678036,5.356594978117994,888.2062031014816,52751128.650627226,7.295046872391578e-07,5.245836569139187,66786986276.21356,1.497297685905845e-08,15.415799295695875,15.38223457179868,2.1123604935883295e-05
9,1248929563,misaligned,17.71879265496694,885.2579805093202,17.68240387223372,885.2438041043328,55279821.85667241,7.295046872371523e-07,17.364238577771022,59431271774.571884,1.6826158521276294e-08,15.425950397379744,15.378388991300941,2.670834640033178e-05
10,801609684,misaligned,22.79710431584435,883.125491590705,22.80690798051025,883.1111303725314,54305835.45990664,7.295046872357008e-07,22.216355136083344,46310400617.639595,2.1593421491998514e-08,15.416662009087279,15.385801388501111,1.5295602569323006e-05
11,4267942594,misaligned,7.267827775789809,887.9336512278577,7.28454176997689,887.9187125403163,52776584.437989645,7.295046872389638e-07,7.003956221012292,32307494205.925907,3.0952570744919547e-08,15.421180351388097,15.37780947429162,2.1006378519108403e-05
12,2435106960,misaligned,20.515260659796276,884.1307525276931,20.514559429774533,884.1170144248061,56898324.87925653,7.29504687236386e-07,20.087440291233165,56905147200.25067,1.7573102771898197e-08,15.418144567520473,15.386255025605678,9.757758624094531e-06
13,1834466443,misaligned,45.809596503131026,866.360029228083,45.777507950505075,866.3491269536521,68845290.9255883,7.295046872240394e-07,44.86592758021741,56463437982.31437,1.771057582985334e-08,15.422102340075286,15.376339333401154,1.7336344338453717e-05
14,4126900544,misaligned,7.184540547683209,887.9810973770175,7.187675963126408,887.9659749942222,52141055.51898345,7.29504687238996e-07,6.870327468221007,26615143537.015965,3.757259466247906e-08,15.419769989971199,15.379460127065578,2.5586271115716034e-05
15,3052422611,misaligned,86.70532829662663,802.9661655202099,86.70394693295287,802.9641281879966,316469264.49542475,7.29504687175543e-07,86.21764018931496,194591168336.25027,5.138979371725734e-09,15.421534864071758,15.376542854616222,7.054994911829893e-06
16,2496629575,misaligned,45.2644576372668,866.8855230889662,45.26028856011204,866.8740003023756,65216908.7138509,7.295046872244117e-07,43.512646196859365,29516292165.47879,3.3879594171030893e-08,15.427565924862913,15.3742100373639,1.0027301374546142e-05
17,70960260,misaligned,29.27095698403918,879.6193236197024,29.298681431268527,879.6058927804145,57607594.27404813,7.295046872332988e-07,28.29382709224818,34914519565.83716,2.864137935835929e-08,15.419839533992462,15.374806146252498,2.3158554997665952e-05
18,4046927654,misaligned,4.320875381845675,888.3160445570418,4.342148762384022,888.3000913149249,49462749.81064433,7.295046872392218e-07,4.07828266106461,20470996162.791065,4.8849601262572735e-08,15.411879046379969,15.40000729780042,2.811929260091842e-05
19,131531190,misaligned,15.658326148127557,885.9124608606179,15.660991099983695,885.8974263248854,52201649.787315674,7.295046872375965e-07,15.144729355409806,35809803420.104805,2.7925313866385735e-08,15.42063455296962,15.377420139082028,1.0776776006817759e-05
20,2389637170,misaligned,11.56852086442969,887.1040870635192,11.595566430728125,887.0888363999064,51600386.208942264,7.295046872384034e-07,11.05599882045233,26232031629.117085,3.812133250441868e-08,15.418046557392557,15.385635986115453,3.289881390139631e-05
21,2059501570,misaligned,7.240176889383256,887.9588575624471,7.230089412795494,887.9444052879505,54555987.00963293,7.295046872389808e-07,7.062960273091916,48511765486.621475,2.061355611301714e-08,15.423470881998343,15.380902187437975,9.888981187695883e-06
22,932085556,misaligned,11.979660352001858,886.9726411464005,11.995771424606769,886.957898685545,53363369.77206909,7.295046872383144e-07,11.688408708203122,48794305512.883224,2.0494194752622695e-08,15.425604841748017,15.382839708176506,2.745739835995461e-05
23,3265605211,misaligned,25.27590355274149,881.8646667407754,25.265869838504795,881.8503008923001,54133427.83368783,7.295046872348392e-07,24.15522310051153,26055721980.295742,3.8379285776699465e-08,15.418415953435817,15.374951979024642,1.3807651319772018e-05
24,2231428366,misaligned,8.091790661565508,887.8390337121322,8.0878713839121,887.8238758716934,52002440.27135292,7.295046872389e-07,7.872895738400813,43772863586.95361,2.2845204038651185e-08,15.417183026211513,15.378756655795527,1.4817613283335156e-05
25,4025414713,misaligned,6.2480994534011165,888.0759188214113,6.238065485024204,888.0599550253846,49403328.58247989,7.295046872390598e-07,6.043045882649489,35876540816.73941,2.7873367310078465e-08,15.416445599088844,15.378516940412489,2.9283191175478887e-05
26,3815915752,misaligned,20.497716063946424,884.127077242917,20.50811439750029,884.1125612609638,53848775.59524512,7.295046872363834e-07,19.723309799175674,30867221834.572124,3.239682551799893e-08,15.413888546192142,15.386042312301434,1.3545209567824952e-05
27,2035379073,misaligned,21.67381054225049,883.6130585563676,21.676607690901736,883.5979040263773,51519819.28892799,7.295046872360333e-07,21.01705501907578,38761641972.55911,2.5798700702822116e-08,15.415854883572834,15.382875356773164,1.7331522732441894e-05
28,3253147201,misaligned,76.74552897961136,823.0800175345496,76.7382323116394,823.0753137716638,144024445.98674902,7.295046871917394e-07,76.15940184489244,146603948742.6622,6.821098671464345e-09,15.417470589936487,15.384756408768002,4.336116651375156e-06
29,3676967391,misaligned,63.61207522175807,844.7445777468861,63.61384164340097,844.7362470682341,85657650.9726296,7.295046872083213e-07,62.475261079312574,63637914338.32819,1.5713902795172445e-08,15.413985448038346,15.378851505808388,6.200111507458764e-06
30,1952856305,misaligned,5.223857898831195,888.1984140591643,5.235892631185359,888.1846692072936,57394886.60953676,7.295046872391425e-07,5.053693495648678,36159472815.03464,2.7655270449192307e-08,15.437088863313594,15.363531557218854,2.46204471213457e-05
31,3854361486,misaligned,8.373284885258716,887.7641370194816,8.378794218497514,887.7483394416608,49888099.7705299,7.295046872388494e-07,8.033937495284775,28810675778.33469,3.4709355923958885e-08,15.41911559625698,15.380023900719408,9.073863945880652e-06
32,893100599,misaligned,12.307262169040433,886.934077091461,12.306887128377644,886.9189948323547,52156555.234154396,7.295046872382883e-07,11.911140944544064,36558511518.96495,2.7353411242720972e-08,15.417545544006217,15.384914252229343,1.7934009768913666e-05
33,1800163016,misaligned,15.157075179934454,886.1348578538006,15.158661173591994,886.120764360648,55715250.22700048,7.295046872377472e-07,14.738319869876573,42752290196.57695,2.3390559789942367e-08,15.419646553312656,15.383625557426111,4.34404374580563e-06
34,3269427341,misaligned,84.96371561938243,806.7110913183632,84.96270825495266,806.7089492537734,303810193.18646413,7.295046871786198e-07,84.22727400731667,126474906225.46413,7.90670679144305e-09,15.421302101708399,15.375641776619752,4.522746111872123e-06
35,3090315868,misaligned,60.384170818612795,849.257190515649,60.389130456531824,849.248612959403,84083446.42721476,7.295046872116689e-07,59.084091664843186,52906851124.92643,1.8901143778879367e-08,15.42599877621459,15.375773309592834,6.994691578995207e-06
36,3636658890,misaligned,10.756008508030549,887.3015318233793,10.770182486237946,887.2872768624967,55229289.3970063,7.295046872385369e-07,10.38794222663992,34327852571.577618,2.9130863863822597e-08,15.42341624162744,15.376952431590409,2.6941821830054606e-05
37,3979753014,misaligned,39.7042291032072,871.9425679671605,39.70968357876908,871.9300203971089,60591245.79115456,7.295046872279722e-07,38.26247618541239,31720646240.783688,3.1525208925733855e-08,15.420495279260253,15.38297577867935,5.3665711248005e-06
38,111031692,misaligned,18.248535371339894,885.098374873849,18.238784966741864,885.0834588761446,52519847.924395494,7.295046872370439e-07,17.686898827599077,38208482530.884735,2.617219878312829e-08,15.422553207062286,15.376232154652895,2.6415428842991446e-05
