Seed,P_BKS,t_BKS,P_DKM,t_DKM,t_depol,t_pol,P_eq,qx,qy,qs
2214261309,74.78082826068217,826.534723486487,74.63796679706141,826.4895594962466,15125375.678403163,7.295046871944417e-07,0.43528751036243946,15.42307973238649,15.36609765305686,0.036738306708393564
1726843349,91.25676865754772,791.4540305012308,91.25389792991852,791.4394045219975,42827074.7970478,7.29504687165903e-07,411.2908099665235,15.43051823464504,15.35642270262921,0.036803281449241665
4098432075,81.9076126626656,811.708290982992,81.8485410148041,811.6840182883068,27143696.068718795,7.295046871826811e-07,7.105230981468277,15.43479728137428,15.386438668000709,0.03667873317496967
172957518,49.82259542990744,862.3189844227828,49.74008404478813,862.2281527846054,8185646.7632748755,7.295046872211607e-07,4.180002674002344,15.437005484335,15.375929394370962,0.03658434690277779
1469080878,79.97291760838633,814.745056849055,79.83589223792174,814.6958205496203,13481301.402592152,7.295046871851248e-07,1.840299822633062,15.424869132972951,15.389603891666061,0.03666232419009208
2734430607,33.98914507273842,874.7083225932564,33.91075725732674,874.5884328392528,6380943.787955838,7.295046872299019e-07,0.2828535379326566,15.440639415755173,15.392294652592097,0.03661273204593696
23043103,81.5005451472194,813.0302168202302,81.57707523188206,812.9881541961283,15714281.963923266,7.295046871837472e-07,5.968244088603974,15.431623823703731,15.39564200339035,0.03659626721488163
937600500,91.52479253141892,789.6488141087752,91.54219701914047,789.641767333348,88485817.60182056,7.295046871643657e-07,18.161331759338136,15.459773557146386,15.419078608826544,0.03653591068319356
1696643392,79.40492429317997,816.8163254484743,79.47381642900004,816.7676325228199,13701151.191400176,7.295046871867811e-07,0.4682608566935787,15.453525627471317,15.400413856421778,0.03654693084371735
2388517473,89.60755859489893,796.603442697196,89.66421738139839,796.5854635684025,35294408.86541443,7.295046871702494e-07,43.53799575511816,15.396682966257023,15.431258082543415,0.03660857958565622
2630456498,34.521811419812785,875.5490428534001,34.68932728853623,875.4293918391011,6405974.663909955,7.29504687230486e-07,4.102655470957621,15.413592905926926,15.384028241783591,0.03669425888045286
1220864951,92.13614384366899,788.8319043499,92.1420847147475,788.8181025872918,45084450.71226073,7.295046871636678e-07,17.422530154767312,15.452270521355794,15.397267765831995,0.03653442614010699
4247682048,91.27835288011757,791.5204467105387,91.27470865359699,791.5134026603721,88940173.22940083,7.295046871659592e-07,18.209977281395524,15.412245830644785,15.376302481668732,0.03677884810714588
2275593441,80.12204583992015,815.6946005396137,80.13880390717692,815.654450336918,16570898.435788611,7.295046871858852e-07,2.2520084252287838,15.451213039855514,15.394068031429534,0.036561838780792943
2889032105,14.194982186619667,887.0106850422793,14.516425884709555,886.8817354017702,6100626.357422752,7.295046872383402e-07,0.33446919362543986,15.417761019620132,15.38293600101466,0.03671752968770298
2791942492,81.89368265754989,812.8141354196317,81.8306104502376,812.7858766366443,23378354.612514216,7.295046871835731e-07,1.2305168678921758,15.431292466240633,15.39496012682282,0.0367407218447276
1676178041,91.50996314437705,790.4024097802568,91.53464407272979,790.3948628503802,82779357.23388813,7.295046871650082e-07,21.28857971049285,15.460110166569352,15.412636668204794,0.03655822660547409
3411822545,74.66651610720095,828.1719771400603,74.71537275083845,828.1300246640241,16347880.856026527,7.295046871957147e-07,1.498459700779884,15.41630417303212,15.38966279529273,0.03668195125352208
3970993068,85.93754334171729,802.4217921684916,85.85131095280381,802.3988747294384,28094864.421792258,7.295046871750935e-07,7.62168974034842,15.427347711728991,15.384349778346527,0.03675674947012414
2922192512,92.040496065345,789.5830061039572,92.04036114546508,789.5810289302489,315318659.0209521,7.295046871643095e-07,10.368645968637983,15.415036602509401,15.380468773033938,0.0367957779635128
2172320363,11.418565701471577,884.4705790454444,11.354760067700253,884.3652148122251,7423724.253795079,7.295046872366172e-07,0.23899841265997734,15.438318419302494,15.415599543619129,0.03666674246632817
3593545704,64.71586054804811,844.6081561694768,64.79901862014955,844.5248221599547,8559441.181023922,7.295046872082196e-07,1.146310162814637,15.40933557113264,15.368315739500957,0.03671837253201443
2789166276,91.38354190589064,789.7017200192042,91.37588843259294,789.6936111277888,76905999.97528814,7.295046871644108e-07,1.5997885235295408,15.4424891953033,15.387678231917352,0.036664048017459094
115111058,46.6025926619669,864.3582742242702,46.577434785124915,864.263638373753,7893767.772543946,7.295046872226168e-07,2.3996242867254995,15.4288516696738,15.38910470336467,0.0366768057309681
3345643932,85.12318997723956,806.3667003324456,85.06784147183227,806.3485627140874,35848842.82996473,7.295046871783382e-07,5.9325281277434225,15.430678669770062,15.365709743075378,0.03674237032014965
1446972235,80.07279071024196,816.0681427824629,79.98175699528302,816.0333679673606,19150032.37504579,7.295046871861838e-07,1.827497779521455,15.424408930354199,15.38389405917755,0.036740968642555605
2472222683,68.26823248719116,837.6100767207688,68.02920318992662,837.545753574746,10906443.57878782,7.295046872029553e-07,1.1659100630346728,15.42891016076913,15.385928464916391,0.03670688528267779
3515699248,92.17146052161317,789.4198693053567,92.17521934362786,789.4156275371574,146915237.28719267,7.295046871641703e-07,34.65184310399203,15.44964315397518,15.3861511107994,0.036714018209788035
3590956105,91.83981716166764,789.0297101584125,91.8368012451203,789.0137852800343,39093254.185222864,7.295046871638368e-07,30.173864475429575,15.445640814560285,15.387285038865498,0.03669603250797171
2283530752,89.40111859444958,795.3247044300093,89.38394902480444,795.3133283242654,55601833.5287878,7.295046871691753e-07,11.76170681858392,15.435118907333278,15.389768575458199,0.03672267848954863
115810563,19.299771678004284,883.8399612611685,19.168721352436215,883.7251010928929,6800195.148958124,7.295046872361879e-07,0.24101332756789645,15.449524075987181,15.391039045261836,0.03662385535530638
2385845673,88.41497696562477,796.3725692491067,88.32574935361596,796.3518952912192,30675926.12552345,7.295046871700558e-07,2.254774981979779,15.433932507657603,15.393919969238159,0.0367872948545957
2118548317,88.26778157743152,800.1001336975302,88.30366586750166,800.0897761919875,61805608.91497849,7.29504687173169e-07,24.514444300020166,15.435231557445082,15.377169164359152,0.036579072330392204
2610037639,91.18178714573388,791.2574387675618,91.15500937642288,791.248445896427,69619725.37405726,7.295046871657358e-07,7.068143737012535,15.411735079573884,15.345423839680036,0.03686269336721343
4237604293,83.9729071687238,807.6059653607977,83.94192976816541,807.585371607465,31670320.27206255,7.295046871793508e-07,8.049336275775627,15.418445922013106,15.397984128064929,0.036807935197053554
3394453794,52.37305725426338,859.4372237001347,52.41709338410616,859.3553890859414,9025056.414666884,7.295046872190913e-07,1.127850673606256,15.41419849192325,15.381979944008028,0.03664971481547519
3889638847,64.01478116945873,844.2350303685508,63.857838980524285,844.178500032501,12607125.86218517,7.295046872079411e-07,0.41776263457519514,15.419279265871761,15.371717377661795,0.03675001054467675
2896651739,75.06434096609817,825.0141460773896,74.98238026107651,824.9712202228652,15855547.532658024,7.29504687193255e-07,2.034231914985803,15.425047247187722,15.372690516359484,0.03679943044265188
1895682801,81.94526414066216,811.7931893154903,81.91293252322997,811.768049386374,26212793.629757967,7.295046871827497e-07,12.849480147840648,15.448094653980297,15.384388746152547,0.03648128188252514
2971995906,82.94706335112915,810.7115237243403,82.89165049589776,810.6853012297623,25063668.670725986,7.295046871818749e-07,6.153336573060615,15.419314189046156,15.377198525733617,0.036739153909550515
2349409576,6.66904626590501,886.9814251297713,6.521959206254735,886.8754160949006,7420518.651456956,7.295046872383205e-07,0.21318188157912593,15.43475026658113,15.39033936960906,0.036689541832716444
1490512918,89.99387862111844,795.2055420336923,90.01420093224073,795.1949783480029,59860116.28651769,7.29504687169075e-07,24.37404425441339,15.430494297493919,15.40072143140445,0.03658014221160971
3848407519,70.97630400715205,833.3779183356809,70.81640594978013,833.3212436480891,12253645.372317037,7.295046871997289e-07,10.69677085908576,15.408814341635045,15.377347150140801,0.03684567700561897
780629393,87.05806454199796,801.0408259642287,87.01376196693165,801.0269145094308,46124238.66074398,7.295046871739501e-07,9.181367803551012,15.429390834348721,15.376903556384379,0.03670395549355804
485050072,87.15760817144978,802.0564737838433,87.25858236477886,802.0293333179425,23701612.982644435,7.295046871747914e-07,7.181152441473319,15.42708639903057,15.395551092209553,0.036633754470068
3031721416,91.73768022132343,788.6206556236676,91.73511839314962,788.6080791830482,49450606.83332241,7.29504687163487e-07,20.39319274940437,15.437314096040394,15.385862360355897,0.036699033628950994
2661425641,19.212485264838516,883.815959042836,19.34289723763716,883.6956592382296,6492315.836478223,7.295046872361714e-07,0.4399394420527822,15.431930932907894,15.40925316115405,0.03670278319063536
2542673513,64.51518280095098,844.27067339425,64.35141269806118,844.2010112265647,10231294.544949431,7.295046872079677e-07,4.841627806921096,15.407716865815704,15.380577294317755,0.03676761425805508
559493188,76.90549785441635,822.5779077837326,76.94423036449712,822.5433178443388,19560773.256987993,7.295046871913447e-07,3.8846602172913998,15.443861894811787,15.389793838468687,0.03659613559177649
1648827427,81.83684611059513,812.9748081303231,81.75191391675511,812.9420181356378,20155580.6140524,7.295046871837025e-07,1.1947218677702935,15.425151562826333,15.384507058994348,0.036732830204862954
1637273210,59.42212566892581,848.5552160619595,59.449835562908326,848.4816430617992,9785974.778569898,7.295046872111504e-07,1.0139784935567986,15.461360806128448,15.387424471656578,0.03648462706208694
1763980412,92.09558157953225,787.853091049058,92.08784542880866,787.8338889459723,32324447.060278665,7.295046871628296e-07,12.81590194987844,15.425660049450846,15.39954945216055,0.03674917199726996
4006498470,48.70390935598742,862.8088235146533,48.79538664669158,862.699050624662,6780766.662659018,7.295046872215111e-07,0.13412645717924884,15.454262852754232,15.38385523181664,0.036521735603033234
1069983166,91.8372988259932,789.1745650878822,91.84073767279864,789.1688520651563,109012691.78958596,7.295046871639607e-07,11.405938841393182,15.457550665195791,15.421183107269952,0.03647977703437871
902307909,11.00662525582146,887.2585885178022,10.867325208888477,887.1173942149704,5574605.428509139,7.295046872385078e-07,0.11504765119300488,15.434783729336063,15.379041293936393,0.036684231819838875
2375633146,66.56136088298031,840.0132947073263,66.43560423232516,839.9672911777644,15337599.0587923,7.29504687204773e-07,1.5608150591366017,15.440377392392291,15.36797321639605,0.03667961905892736
3361596766,13.660405592874502,886.6460974023022,13.546290702801333,886.4950977574499,5205359.38718289,7.295046872380935e-07,0.17216920298392388,15.432380163368697,15.383050529258403,0.036609333492977125
1474525946,51.3437753043385,858.4128694593634,51.14728876235737,858.3298084943167,8870609.11751333,7.295046872183524e-07,0.41277011410973596,15.453818873390555,15.38915887267219,0.03662941876324638
1342240365,86.1303506323321,804.0281839191655,86.104783320048,804.0098389217569,35238302.64148546,7.295046871764186e-07,11.95183805499326,15.432515181885142,15.380877786320852,0.036604772998244384
4021796657,32.7204538753767,877.5530221453309,32.96114283455979,877.4379370840978,6690688.653967251,7.295046872318742e-07,0.3066549040968878,15.426401858247193,15.384013479437813,0.03661273187126468
3875016151,89.19505318443379,796.4025372601452,89.18753553124417,796.3903244867964,51933107.8173598,7.295046871700809e-07,19.60440541803121,15.437503298333837,15.375561342411215,0.036732271461940025
3424709834,78.58510775389166,820.3712481321619,78.72240312322143,820.3365631755153,19402663.15098757,7.295046871896043e-07,3.0556014284618938,15.445334019171117,15.38398597172443,0.03656965024430109
1155736759,86.23529733301586,804.4887846646328,86.24690511234256,804.473997122039,43765913.37860884,7.295046871767975e-07,4.398707826702266,15.433410876960934,15.388840629355817,0.036560134245733955
1680121776,23.558675981736965,882.068857588569,23.281529996465455,881.9531652150089,6724241.166022747,7.295046872349789e-07,0.5128892763748382,15.41752518057792,15.398911736260152,0.03670144686464366
774353203,75.89712742249405,822.923626128619,75.86253931900812,822.8815573308334,16096696.617863782,7.295046871916163e-07,1.7739036519892928,15.457296771436658,15.410895422469395,0.036606571582017744
1724913344,91.3648289925931,791.9450168588868,91.36387414074831,791.9231577072921,28690939.617105838,7.295046871663198e-07,8.753510461344995,15.42738927696252,15.390849820740206,0.036700685979819125
1205744986,91.44855442795598,790.6514285739577,91.4528382640327,790.6266883498234,25266954.625048276,7.295046871652203e-07,2.193222047375514,15.470152095209512,15.39911404990643,0.036391003470925276
4196127358,79.55389593668349,816.5051507184417,79.42703947648972,816.4693949418024,18644580.79319932,7.295046871865329e-07,10.196609545402445,15.437276735814365,15.387299544595853,0.036641885989812495
3437967456,80.30117563869172,816.5981388630486,80.23852139739527,816.5559993856752,15823597.038669594,7.295046871866071e-07,3.742356163102801,15.41929826920648,15.372564764019032,0.036766960874832666
989739578,88.19650983147122,798.0923139687324,88.1293729398712,798.0797792621647,50814220.04800212,7.295046871714957e-07,1.1463478078590006,15.44618611409905,15.386316727426573,0.036710649061734324
2083448491,58.33087987261981,851.3744836922438,58.13574876485988,851.3010435117623,9868929.80973233,7.295046872132272e-07,0.7331374732017173,15.424327061401353,15.393807924387717,0.036714739003185004
921917808,91.55985964339409,790.6123963988499,91.57458500811943,790.5950876912191,36112128.65750713,7.295046871651871e-07,2.662407713756033,15.449442040346298,15.401650468423611,0.036512842517561594
2788309948,70.80605028481915,834.0643517498216,70.95372807379665,833.996644189751,10273695.724250088,7.295046872002544e-07,0.8026791838718418,15.440480004647112,15.38066439328619,0.036578067435552364
2222348917,90.52820252492725,793.2794163061805,90.55122889869708,793.2639754632421,40754250.654788546,7.295046871674501e-07,14.77166240523887,15.44733641707801,15.409501722355573,0.03655843852152524
1772064488,69.39816015053661,836.400184784399,69.47249292851424,836.3213550088382,8873542.146885531,7.295046872020363e-07,1.0433529355117173,15.398143837854082,15.434638585284645,0.036648590732491715
3944388704,89.3525883931929,796.288991138556,89.37627918502803,796.2672330237624,29141257.764197867,7.295046871699857e-07,6.969741753369349,15.437121846245084,15.395320912265966,0.036550653453882254
1458614939,83.43425939028108,809.5717243822618,83.48392226554043,809.537233492756,19001494.697907213,7.295046871809509e-07,2.264907961937317,15.428875073744955,15.392000220586684,0.03660071156783079
360630564,84.37605836439164,808.9965878414318,84.43736023058686,808.9684298086911,23242131.487359207,7.295046871804836e-07,6.292544314141055,15.416698527789563,15.385931761554177,0.03666308306128713
1268920647,36.802652284719876,874.568904695647,36.71554856211234,874.4535507114458,6629765.667382961,7.295046872298049e-07,0.3148352902231135,15.427013160033423,15.381067562577556,0.036723806738930886
2465229580,21.922363431849654,881.9535646256645,22.15305248722613,881.8243990970852,6021174.385396764,7.295046872348999e-07,0.24230453137893096,15.445027080006202,15.400836823446143,0.036678510827936606
3851966345,90.62054605528236,792.9985812856888,90.60958332476648,792.9869904769572,54253121.84753406,7.295046871672126e-07,5.124199610816622,15.432829560851017,15.378133596043066,0.036739904549248414
244726076,84.9552639923754,806.3521258814733,84.99558930483208,806.3300209705696,29413641.584207658,7.295046871783261e-07,28.61433748322426,15.417743008831655,15.388597721411184,0.03667398377973252
4219926715,18.22705782980746,886.2743886444155,18.559490636404313,886.1371223647678,5721438.931647988,7.295046872378418e-07,0.1837393951602705,15.425507189375947,15.375051191510394,0.03663973930244213
3669174848,86.96796308082895,801.2803219391934,87.02021987647304,801.2513766352022,22180695.0522721,7.295046871741486e-07,9.893643021989245,15.44923424288563,15.409221913794577,0.03649144812031535
515495549,65.35423809847029,840.9336998235473,65.28408725345969,840.884481595759,14367199.511399714,7.295046872054665e-07,1.8778273116967146,15.451366515833383,15.39549669299361,0.036662123169639516
2316338731,84.20937484471222,803.3406840250959,84.15859068192167,803.2869835458533,12016896.756440038,7.29504687175852e-07,1.2180619454302535,15.418425825089502,15.397836958130739,0.03672278197173984
2415840066,20.773231024534113,884.554979431177,20.928138209989356,884.4548367621244,7812343.502941443,7.295046872366746e-07,0.5443233331175632,15.42569002978392,15.373286263285625,0.036569193389487886
2623562167,76.2814731229715,824.1218867852573,76.11095365237135,824.0719777748058,13607477.828682067,7.295046871925568e-07,0.6492500508996928,15.415517388990375,15.376505005742812,0.03685027035373495
2183384296,58.5837038389656,849.1564079019745,59.0025917098665,849.0402312706417,6205791.51485903,7.295046872115945e-07,0.17187457472518963,15.402196884572385,15.455803072183834,0.03662763326177948
245863384,80.25452047699068,815.5112763096064,80.41173508760899,815.4719466619281,16909039.548394717,7.295046871857385e-07,1.1751340610455496,15.446999442518594,15.413218718163334,0.03647449078192122
1373772651,38.76478036238702,873.6744299189967,38.77266854866853,873.547461849946,6010929.255244453,7.295046872291819e-07,0.30287416953111385,15.433181697001249,15.361611825445452,0.03670962474625583
3658058047,44.26063026921654,868.302194625581,44.38424222412731,868.1345069647215,4495280.653113932,7.295046872254134e-07,0.31008154666286586,15.415302129098512,15.389381091792055,0.03665343139718974
1695463009,66.56195944302424,838.7504575666555,66.59171412374657,838.6954833938229,12796121.964334123,7.295046872038191e-07,0.21526487220605472,15.451301378762325,15.404556107099497,0.036647468700971186
2282953890,47.85170509348137,863.4441981465905,47.94173801094214,863.347872806916,7738905.6117176255,7.29504687221965e-07,2.8201021149581127,15.440518693677976,15.381356297814822,0.0365760545557664
1422845061,64.6700969449059,842.3359023135843,64.6670764041806,842.2772222254177,12090648.909192802,7.2950468720652e-07,6.192690799986185,15.432836493118357,15.385236340869094,0.03663619629600284
502250016,17.677994724977005,883.1036798155995,17.863807699242134,882.9920923386148,6988002.480775216,7.295046872356858e-07,0.06767323933441154,15.45105319145269,15.405717472500205,0.03658269030381106
592428737,81.73242300216292,813.5294412414822,81.77079708203951,813.4886526288176,16225042.378143335,7.295046871841488e-07,1.0053245346283166,15.436383563649597,15.392271664066472,0.03657046298738481
573564423,91.85129000460189,791.1759311718254,91.83879373076309,791.1716073757804,144769995.31441194,7.295046871656665e-07,8.668756627341775,15.397818966533583,15.371398036878201,0.03690675455845116
1212152478,89.23349354562292,796.0931578901533,89.20572709988835,796.0808781776641,51609884.25430389,7.295046871698212e-07,,15.429969723258168,15.35270049393069,0.03681551692616275
2473194907,66.75593276490659,839.9213796006186,66.82900657710745,839.8600309280898,11498478.561510166,7.295046872047037e-07,1.2671713503935707,15.430717065520595,15.388112181532676,0.0366472128865582
2453315026,72.20273121716231,830.7072130239651,72.09064803719446,830.657119757517,13774962.382359548,7.295046871976758e-07,2.4472910103159315,15.436702565562511,15.370029310354267,0.03671361461071365
954611900,83.59408920209992,809.0669816319942,83.66766585448964,809.0434279826998,27790611.81168499,7.295046871805406e-07,6.677431747159969,15.446226468565948,15.402459202170029,0.03650413881087189
130608976,58.873155131154384,850.990365373835,58.77761477084603,850.9326087170076,12537696.802044129,7.295046872129451e-07,3.1006999963730997,15.44032071866403,15.376122414676372,0.03670161938680211
2251817228,84.64382972674798,807.4105957564727,84.63911507310866,807.3874774493818,28198137.58886567,7.295046871791913e-07,14.5889567790626,15.416487275399172,15.38790188744569,0.036759315974446205
1957937650,73.57865270122898,828.1003363233017,73.46791218750842,828.0513147056636,13987901.771461532,7.29504687195659e-07,0.8003174577224185,15.42947450766172,15.379238591717964,0.03667680511600119
1259508679,61.884391288652516,846.6710931755306,61.685997150694305,846.602854090877,10504158.541954594,7.295046872097548e-07,1.1450066819228897,15.433297945084002,15.381088825206664,0.036721248902887915
966693984,84.48693250680694,804.8662596546704,84.44074697274313,804.8369739891266,22119563.030449927,7.295046871771077e-07,0.37353365161038693,15.420370028730996,15.397318789652266,0.03677306847571432
2840662068,8.077395629732424,887.6056729496148,8.147277681472417,887.4612227582631,5453198.839493487,7.295046872387424e-07,0.04460612935722153,15.421972782485215,15.391974177158367,0.036690674133927514
529118588,27.583339301793046,880.355203028856,27.698923422461334,880.2479379190365,7224444.681101619,7.295046872338045e-07,0.8476006848829107,15.435137280267178,15.38612421792117,0.03668015865688662
958565606,87.24542093205513,802.6220660767432,87.19790329322727,802.6044195055908,36504996.45876193,7.295046871752591e-07,2.447084936436404,15.420053653209596,15.374952481062808,0.03668908339438831
216893451,81.86778182597754,812.727468102868,81.86365896707507,812.6881681443449,16806480.77185306,7.295046871835034e-07,0.9435251138417061,15.42031175753972,15.381188295525794,0.036769030629550836
276272909,77.39599375544942,821.217241755508,77.41754972102827,821.1688134522486,13924873.320193818,7.295046871902726e-07,4.240466225943935,15.451160110123977,15.397575645886437,0.036668274826651415
3730357413,84.83674176302706,804.4471089884172,84.6965974200744,804.4213531871144,25124997.058736973,7.295046871767632e-07,-40.29988469406008,15.410963524159072,15.383615544049192,0.03691607069409847
221380379,55.94653379605384,853.717771356332,55.891837226084974,853.6327382868973,8570329.681516299,7.295046872149429e-07,0.46239829884323486,15.416217928504905,15.410452163322228,0.036701704835868265
774160373,88.73979308624841,797.9781912782614,88.74690254381117,797.9667962199906,55880372.49195616,7.295046871714004e-07,16.792717889947987,15.431906566777567,15.402709986410544,0.03655512841309061
834688677,80.23627387544501,816.3407397186633,80.14827312619367,816.2936522166154,14151818.102448145,7.295046871864016e-07,2.4610868578134366,15.415574745041843,15.39659887364432,0.036739967507286864
1527389051,86.73382695363118,800.8350725576628,86.63157001621673,800.8118322819546,27595120.206928097,7.295046871737794e-07,15.868919067104132,15.417811094656814,15.38169105158485,0.03673938507453922
2641935894,6.541881374016602,888.6750929042463,6.397364329512854,888.5680091657999,7374119.259881959,7.295046872394639e-07,0.04004769346894717,15.43330263659608,15.37635473372047,0.03670801381821792
2996061874,81.23219170377209,811.6165655755209,81.28230108061094,811.5911463582181,25913497.29669164,7.29504687182607e-07,8.520648004195474,15.454217333055219,15.416566557157283,0.03661112829920632
51775021,65.11502697342247,841.1058674932387,64.99315382636277,841.0336869754293,9800405.848315094,7.29504687205596e-07,4.493972456302683,15.430323192068732,15.406898987851307,0.0366483614946293
4076788913,87.53124010885763,800.1667980630431,87.55090389899503,800.1512935616577,41294749.35188097,7.295046871732245e-07,48.073911892137346,15.452028631324126,15.374477780922748,0.036522599840702163
2361169640,91.64809626545141,788.5911588451955,91.62878063293023,788.5837310874676,83722461.2222195,7.295046871634618e-07,11.847302104585559,15.443166960261301,15.388787195112318,0.03665729171820503
4075738129,89.67433932976039,795.325375800583,89.64391694929884,795.3173300654968,78617559.19720577,7.295046871691759e-07,66.80272165884216,15.435082704983742,15.37848334560589,0.03674331507340983
2303878256,40.46330416869905,869.3556684124985,40.2634134283855,869.2292495919341,5977506.924281085,7.295046872261559e-07,0.03544835754081914,15.433788821680372,15.405702651951522,0.036681469643348896
2874051653,79.33037716381416,818.332145505458,79.27890340621555,818.282378919264,13455348.778784625,7.29504687187988e-07,0.9498164241550123,15.431063431563675,15.377845496939814,0.03667512418423319
3508373700,64.90102381078519,843.9753222555294,65.04950111627872,843.9172777679114,12270680.3986247,7.295046872077471e-07,2.9806943862336914,15.423153968963293,15.38255479495309,0.036609692371918134
1991196919,88.9578216699508,797.570810394968,88.98617680877052,797.5584109768294,51301545.045367956,7.295046871710597e-07,23.411904593033327,15.449503162688401,15.405461783090317,0.03646852529882788
606987720,91.55472185290215,791.3971012163923,91.56747948718717,791.3917901684632,117924970.1787218,7.295046871658546e-07,4.1830445996089765,15.424287374754535,15.384113449221296,0.03677791570247313
2183154434,91.21955082844906,792.3231378474692,91.20452969724269,792.315190684951,78992930.69804123,7.295046871666404e-07,33.886957144542976,15.430069334035151,15.384143804425003,0.03665373149434237
3340164891,89.53855063512236,796.2084663066436,89.57463061025118,796.195737549955,49803590.60866771,7.29504687169918e-07,6.082956593790376,15.456245362753657,15.384815088161861,0.03644892491755242
2021106985,73.9925515906772,827.4041321253412,74.0095241537415,827.3532208153291,13446039.268404208,7.295046871951183e-07,6.974638467884156,15.437977815534886,15.401456690304506,0.03669132009785714
1945925620,56.06123073798337,853.8683152965428,56.05231029919025,853.7868136654876,8944870.167224962,7.295046872150529e-07,0.8936984093740722,15.432964353508629,15.408798265170255,0.03666346908412538
3535287045,89.9044526215324,794.6654870555899,89.89351820119737,794.6581175239337,85688943.26763518,7.295046871686202e-07,2.621440784596045,15.4215205849648,15.357027070600976,0.036766445395364666
3400943245,83.05357452619639,809.3179159919436,82.9498490128631,809.2911345186461,24456227.898463603,7.295046871807447e-07,5.4159212147879225,15.421206236084922,15.383308715292806,0.036767829526215046
845272515,55.20198713284851,856.4776544193658,55.22428121930755,856.3769410921236,7282727.45912043,7.295046872169517e-07,0.9211768988527269,15.419747280788696,15.391552290486379,0.036697703715227514
223377284,78.47531619325402,818.2749520618372,78.498522792812,818.2418296288414,20214299.89757018,7.295046871879424e-07,36.06327463389387,15.457075606975236,15.402509601456602,0.036556502590361195
3389627606,85.60747296814174,804.7575308214332,85.62026512088967,804.7257294534297,20364189.70878461,7.295046871770184e-07,23.44987556983316,15.43666463298103,15.40302457230152,0.03652662345365165
1637273292,69.70795875101484,833.844114442466,69.70824082927068,833.8014812907008,16307976.985066637,7.295046872000859e-07,11.949961586138409,15.458087966686454,15.394132691344716,0.03651655988513686
3285593206,91.63281572721226,791.5198203623139,91.64284997251038,791.514071185923,108971969.69278666,7.295046871659587e-07,16.559177479175318,15.427583663978892,15.409177906738776,0.03667634787649038
255834002,19.63345645923971,883.8851057665483,19.689339608736468,883.7502779244425,5793563.81941361,7.295046872362187e-07,0.11288542656565803,15.438698933273551,15.375047492919762,0.036600967707782095
9545588,48.84832824033559,863.7295564299815,48.733801324493164,863.6405847015386,8384145.303175881,7.295046872221686e-07,0.8027620746047318,15.424756516067145,15.370393548679337,0.03670525219258591
1029443549,91.69101419854563,790.2095086945219,91.69719748217027,790.2056981556104,163868699.68067786,7.29504687164844e-07,24.192050009608266,15.440720696909846,15.377669834520606,0.03664540061922489
1734367604,80.11805028192789,814.7401605929086,80.26421706372786,814.7013707157677,17111936.787003875,7.295046871851209e-07,7.959571310950459,15.460994050288742,15.39307151357,0.0365250433393533
3171239547,40.95207325126849,870.9264937216304,40.6708613098403,870.8196811930254,7100477.270879666,7.2950468722726e-07,0.2748208983160242,15.428390405490973,15.364320057504079,0.03669202333597765
2782754806,15.43976199463911,885.8890536003046,15.178344299055842,885.7708500437868,6638503.300316842,7.295046872375806e-07,0.7156709083376589,15.426936449224723,15.379736421576617,0.03669184743349929
1357077474,86.17723719336739,802.8916758622195,86.09394089288438,802.8583405271988,19337087.15113108,7.295046871754816e-07,3.6142858337502193,15.42128794587783,15.384603117658573,0.03681510351887185
2660062917,87.33277331629904,799.8707017892934,87.31446602149397,799.8602203174587,61039591.18031799,7.295046871729783e-07,2.187541894075133,15.416792825238716,15.382819920234176,0.03684649661471573
1898017810,25.21852503238674,882.7284493355396,25.132067084359743,882.6239546313814,7456045.558430987,7.295046872354297e-07,0.16772864087356953,15.441362326280371,15.358018464167973,0.036689556568219206
148375657,30.81790272027266,877.6170649572855,30.70173539832195,877.527101156274,8560473.771434182,7.295046872319185e-07,5.1056329422465225,15.432324377747943,15.38000069466726,0.03663496212119777
3720830467,55.05544301545721,856.2771418468516,55.103142256753515,856.2086043520327,10697091.548164146,7.295046872168063e-07,0.6551895055374013,15.431385397698321,15.39006377844579,0.03666878605188911
1457684,89.32293152434185,795.5928217918025,89.34324387653008,795.5818602211104,57743478.09416626,7.295046871694009e-07,37.96082996836388,15.463388295969335,15.402678527976994,0.036526965019563096
1166524519,79.16643558894133,816.7916403215062,79.03744123797416,816.765964594082,25982812.520098817,7.295046871867614e-07,1.1374800137978356,15.441764487249504,15.38016697041937,0.0367108790670056
3784883330,86.59892328739528,803.2855384308978,86.6459603538453,803.2693991558687,39980401.26601779,7.295046871758066e-07,45.7521573785222,15.427577493139815,15.390128884588021,0.03660341518128263
452639004,91.04279351466066,792.1422974756115,91.02194171453483,792.1357184587687,95376592.41950215,7.295046871664871e-07,4.265663039819905,15.429040131340658,15.37891579800711,0.036681609552280836
929343355,25.760455266282083,879.9370972641017,25.94845437459637,879.8239793525954,6844095.229358794,7.295046872335172e-07,0.26212413498578924,15.434226753656361,15.412019985384669,0.03662665827866807
2272404879,57.33295380084348,853.1560304808999,57.39374984996262,853.0945171861248,11831958.190006768,7.295046872145325e-07,6.377114854925645,15.430749145276527,15.377682802831984,0.03663624091584561
3753442056,45.04892089832973,865.0128211091187,45.18397159360703,864.9385659242527,10075834.43965269,7.295046872230827e-07,3.031945431983333,15.459251064110019,15.395762022798461,0.03657067688266846
1210682054,91.64686702161448,790.1602744339207,91.64044647364963,790.1530311900274,86197226.70744695,7.295046871648019e-07,17.696812775031866,15.427712578158927,15.37939983287481,0.03668772921674318
1279556655,88.01420028111113,799.5955478326943,88.0024661140233,799.5801019689461,41392355.91440378,7.295046871727493e-07,7.195502118340981,15.421007503178068,15.380670622704885,0.03671989221477734
1784956383,84.91865712148959,807.326622307776,84.9471023509076,807.3053072897956,30577457.992503867,7.295046871791228e-07,77.08016810632492,15.412870820515366,15.393846665871266,0.03666825698538767
3690929832,43.81520746208209,869.217437265074,43.4762850638395,869.1219585462386,7912296.7996752225,7.295046872260586e-07,1.4300223149345133,15.41027796854202,15.382657208064714,0.03671805746681073
663206772,91.46252960898336,792.394187729639,91.44462094810065,792.3859935096762,76624994.02529037,7.295046871667006e-07,12.233055946335302,15.41456826277294,15.366346927028737,0.036691545637477674
1023821703,57.60286553480321,851.7955680079385,57.6358638332238,851.7167687117454,9206789.956707116,7.295046872135362e-07,4.328968821875414,15.432441848878714,15.40482204901658,0.036638018007773276
109511983,73.51832302153993,829.198509051743,73.6887519961018,829.1511327332511,14512121.349359665,7.295046871965102e-07,3.0259638554987265,15.430226650915234,15.381994807525523,0.03661096394180419
2682537057,89.8890431668728,794.3298748897292,89.88515452739861,794.3179323995207,52832403.69865662,7.295046871683373e-07,4.317753275352685,15.412071443497055,15.387576463159169,0.03679301251064049
3804129141,51.37164519042092,859.9488064986195,51.15569811909849,859.8696541283535,9342030.823941182,7.295046872194598e-07,0.5786237352073514,15.427439889441628,15.394303812260098,0.036774228739167525
1436671805,80.64320576357956,815.7093018505273,80.5396440429055,815.6759803225625,19967706.317355573,7.295046871858969e-07,16.98254857740388,15.418946923195929,15.365864874048397,0.036732393180700484
1663082838,66.51400564349917,840.6267542557852,66.47416730460051,840.5694554062653,12331926.015014531,7.295046872052354e-07,1.582501735652907,15.428879049811394,15.377413521885371,0.03668522224998977
4241063465,86.05547489058878,804.6303406617295,86.0162920337724,804.6117120236839,34753748.200133234,7.295046871769139e-07,3.0979768096058624,15.416959717100932,15.36584023864216,0.03675892305127759
1289412142,4.485749562677744,888.2291724541361,4.6466392453364165,888.1042329914437,6313778.456569731,7.295046872391633e-07,0.024935434357529866,15.433224418547793,15.381333547568007,0.03669708937699284
567125330,68.86767896870377,835.9439969022344,68.74690890695179,835.8869752901286,12254208.067395214,7.29504687201689e-07,1.3939071551209647,15.423860106487204,15.380551128746959,0.03671566977825058
3604138891,31.952812358842774,876.3248908995697,31.789102499206805,876.1989078297821,6094746.8068902,7.295046872310243e-07,0.22281038447181412,15.456265117030442,15.393685382313908,0.03654796476962391
1044595181,91.36835335257508,791.5314904338596,91.36940790834505,791.5271096267015,143014428.663871,7.295046871659687e-07,6.350958639799301,15.450887304675671,15.413834954431627,0.036491956303257744
126184563,17.41496395352144,884.8633147695424,17.603410059507553,884.7602720788061,7597743.241505578,7.295046872368842e-07,2.7320253428093544,15.434071307983528,15.38944948567466,0.036652443470431506
1575786340,64.46544685776755,843.9785814688405,64.13919855230222,843.8715369359162,6653394.463296842,7.295046872077496e-07,0.48261579788940423,15.440082518708259,15.370573540049906,0.036657275185817684
1108534626,25.43366413865378,882.5441026597377,25.372916879430402,882.4357742671343,7189144.690871222,7.295046872353038e-07,0.04538759411005066,15.421116121350877,15.379667742866996,0.03666508940817842
486188055,38.98803538338396,870.9809166125441,39.107691757673635,870.8850009283628,7908239.646598353,7.295046872272982e-07,0.2769304342117069,15.433153632672393,15.402163891448009,0.03660546615128607
1761815528,25.622252288348857,881.5444444515501,25.640715959776557,881.4289092885273,6725387.646772639,7.2950468723462e-07,0.172573073978424,15.443768487344252,15.384419596406275,0.03663683289141101
228462357,33.020240231007094,877.1145025044334,33.13410454685113,877.020687654916,8199635.431862478,7.29504687231571e-07,0.5290261178506009,15.439512201762719,15.381730097637893,0.03663897294781454
3614658715,86.28827037357043,803.2330660777512,86.20889527422081,803.2135340545245,33031277.005225133,7.295046871757634e-07,4.698611512696716,15.415735902528,15.39043088108706,0.03671725110423829
2283360923,88.81543350107457,797.6386856580303,88.84506862512268,797.6111432912231,23099158.77801877,7.295046871711165e-07,0.7561843426923708,15.423680823038989,15.381926316305004,0.0367884347035084
366932566,80.90850973460807,815.1512139654493,81.02671377831918,815.1134555787564,17597169.292180512,7.295046871854503e-07,6.487925138985795,15.432090193574705,15.390198722250416,0.036557197651454876
973690387,24.860336411840798,882.17946135825,25.02715741512255,882.0721721062434,7252785.708866275,7.295046872350545e-07,0.6586380461766123,15.431687616483869,15.372626109771627,0.03657284771347552
298991202,91.63153117880844,791.132117332876,91.61549585171286,791.1240052853649,77154825.40211123,7.295046871656294e-07,21.68262442764149,15.400929440885678,15.364740736203112,0.03688214806106194
273392364,87.82100399443576,798.703785303807,87.7662170532708,798.6888683861794,42764587.05394817,7.295046871720062e-07,4.672414061166628,15.412274511942192,15.379171034228156,0.03686055100307578
3631273559,62.4709084290775,845.4042756580336,62.422256004964204,845.3401441176487,11143567.85965594,7.29504687208813e-07,1.0933819485040674,15.436873178431576,15.390925552043475,0.036624301176287455
412075254,69.23878650481258,836.3797466772538,69.34525312829552,836.3249961330787,12775860.020091604,7.295046872020207e-07,0.566579728633584,15.42496238134831,15.384203165076492,0.03669574387892077
364125350,57.126790887119974,852.318289630986,56.92504354195956,852.2304729782161,8271456.451464615,7.295046872139195e-07,1.8689645695429211,15.427971878674176,15.390275010336525,0.03672108642482769
1189088480,85.60317273511868,805.9257375618209,85.5512709104607,805.8937723186599,20318648.276206706,7.29504687177977e-07,19.7860373788043,15.418668638344863,15.381650835707092,0.036735770254002875
2479148513,51.42156889964637,858.359675949036,51.66064146616062,858.2671778540907,7964509.29174063,7.295046872183141e-07,1.4356883196354633,15.452255316934652,15.399644765898051,0.03656835709736578
598402079,86.00296106978954,802.0257075355612,86.02967501253931,802.0088917276868,38251611.43865113,7.29504687174766e-07,10.779831865795103,15.47526814641721,15.412185153456273,0.03641152431534839
2689074432,30.16636127227797,878.2746081358783,30.330374189250865,878.1645848603654,7010059.035699279,7.295046872323724e-07,0.25336522447774373,15.441422927017658,15.392458014740438,0.0366055463675104
2425903779,90.68057082662921,793.0272383290169,90.67304751958004,793.0170105039055,61487567.78045109,7.295046871672368e-07,31.86862672122493,15.445318866247748,15.397047139998142,0.03661690245719057
3413784256,78.84747969629366,818.5919096140378,78.7444630286319,818.5516136887375,16628473.563324256,7.295046871881943e-07,1.6402804194272602,15.419807291196566,15.371963930536387,0.03677107539180402
92824266,91.03388730013103,792.1536286002071,91.01371491996376,792.1398973168237,45698313.588287614,7.295046871664967e-07,0.7708999644278648,15.426734108016667,15.36778624608885,0.03685797219619913
1146246080,83.83259017551494,809.3775968371519,83.76025954475939,809.353156813537,26803260.233069398,7.295046871807932e-07,2.394032116881635,15.424077116661142,15.376109569073867,0.03671552576634618
3145883765,86.0864227935217,802.8579057519026,86.03631764453013,802.8405362199805,37109052.47498379,7.295046871754537e-07,13.760125714153675,15.437176072727066,15.379850159550973,0.03669148951222512
3528939082,59.616671407645136,849.8720934660499,59.531019903891604,849.8156963609338,12806236.12576308,7.295046872121222e-07,0.36075389418108084,15.42841762085674,15.391167707579104,0.036698431214894744
2604289336,86.77128178084969,801.5665719234634,86.79900829879071,801.5501785254404,39192352.1849044,7.295046871743858e-07,10.616378139482965,15.449199007395615,15.415100817335682,0.03659861562847694
2558455249,89.82690968695684,795.2079010412168,89.81298351975033,795.1987592127274,69170881.61908437,7.295046871690769e-07,1.359136183609807,15.409081574104878,15.369779769635901,0.036824279641086255
2178805990,42.325142505342605,869.3447386679518,41.9269044864318,869.2369995472958,7013855.390787921,7.295046872261482e-07,0.9187876196130469,15.420212741847205,15.376082227824702,0.03674247136716485
1100171224,82.94461096171088,809.2345292455303,82.89849768024554,809.206489408031,23353838.35710082,7.295046871806769e-07,4.1963071136249654,15.423029364891285,15.370523927192627,0.03677906427608063
611703484,86.0147379106879,803.3625782681257,85.99355411748122,803.3440138090061,34764089.49013473,7.295046871758702e-07,8.812131585577907,15.428829774076085,15.388312937362082,0.03673993507845552
1481880722,50.628182917248886,859.7866906198828,50.515724495317315,859.7111375205491,9783426.49522139,7.295046872193431e-07,1.1301425615704126,15.454224011422236,15.404280051088884,0.03661718427547683
67397452,83.68767173375696,809.9343854718965,83.59936303170541,809.900492453001,19354022.7168967,7.295046871812451e-07,4.136683205461549,15.421949067884482,15.366083262660734,0.03668402806530968
1849723697,71.11437809436987,834.0882137829328,71.06549633538478,833.9622252002405,5521119.834153981,7.295046872002726e-07,1.555507764807174,15.408236443144679,15.359074944991935,0.03683763632453896
2444483837,82.18486336741545,812.2647337258667,82.20706789096567,812.235737863041,22753261.36368488,7.295046871831302e-07,9.627888320487896,15.427512838434414,15.395288020069495,0.03661905419422984
3365158984,90.28397468890418,793.7638198272936,90.25626503183392,793.7519186560435,52940298.203312986,7.295046871678595e-07,0.9220758512485164,15.423752969684084,15.364651988787674,0.03688561195184059
2956259614,76.42332608070164,824.3881257773531,76.43255094051665,824.3438360110679,15343934.433697548,7.295046871927651e-07,8.68832691358627,15.409692986240852,15.380594730492883,0.03670987885699978
1758770425,80.71703843879006,815.4622433120979,80.80176596353388,815.4272016072443,18975963.009165656,7.295046871856992e-07,12.553819673564014,15.435464848843251,15.38908989668746,0.03652574082219906
3745882372,86.48808331532814,803.110306611305,86.56460202417303,803.0869614994601,27627514.495092727,7.295046871756622e-07,11.724889293635316,15.440492416938255,15.397941993703498,0.03654316506302163
2427092354,90.0995574380268,794.6355271507035,90.09734927596365,794.6203134115216,41504164.36633164,7.295046871685949e-07,68.02589831149642,15.448141205657135,15.37987345553734,0.036668396479731746
1293370087,86.98699453665702,801.6521269969456,87.06009697876407,801.6304640999459,29664950.473621264,7.295046871744567e-07,1.2736478382592384,15.436835391635785,15.420769960378063,0.036655678080069976
933071402,91.53711548728268,792.0582305706056,91.53065776454505,792.045890187595,50836871.576238446,7.295046871664157e-07,17.493156390410654,15.411691170446742,15.361156520709839,0.03674393829828454
2719073995,90.58305969157058,792.9942632218192,90.54661375014027,792.985558726481,72242327.03369352,7.295046871672089e-07,9.372762203188516,15.423705359463458,15.361772799194219,0.036875670464151356
4246226285,20.775198112343443,883.8654224959957,21.002009484492568,883.7437659154808,6420619.038719326,7.295046872362052e-07,0.11782718002692902,15.434168540294795,15.384614478958955,0.0366812579773132
3340506655,81.52596917005751,814.5211813640342,81.46859037584832,814.4998303380285,31072387.989670984,7.295046871849453e-07,6.979639364869149,15.412405708713871,15.36904731776891,0.03666769113260038
196697860,88.78490358108031,799.1323908895456,88.79019432728126,799.11507466162,36878628.70351169,7.295046871723636e-07,12.324629800397002,15.435784807011945,15.385070531473895,0.0365207920546054
1475032374,20.043430965639,882.032279685303,20.440706822562433,881.9377057142865,8225281.404078817,7.295046872349538e-07,1.1663618702019993,15.454276529899255,15.407696668505528,0.03659978731007041
3942995650,50.82616239599195,861.6633116675006,50.756993015294285,861.5763425924602,8536238.016411943,7.295046872206911e-07,2.034073322248032,15.414299461968362,15.376290367253763,0.03673845354402172
3252004075,61.765754140284635,846.7002858170542,61.80795966846906,846.6228359421707,9255480.376804529,7.295046872097765e-07,1.469607903864554,15.435245167020526,15.392661013046327,0.03662692255348882
40440609,90.89831219328708,793.8948911465262,90.90589627793332,793.8769813521513,35190514.55888991,7.295046871679703e-07,3.9899678783784975,15.395449566156893,15.35725337895603,0.03686613494647062
712758770,78.26817200481486,820.3596708517165,78.21205015388404,820.3177069690576,16036541.93663383,7.295046871895953e-07,0.7071545856439881,15.409344906026448,15.374887099194673,0.0367926639525461
2923993986,72.70871725848379,831.3321825210844,72.80563894199886,831.2829049980664,14024086.223924633,7.295046871981575e-07,6.756889629657022,15.431397576215153,15.390314214534383,0.03666312664492655
2576537978,86.91762129749566,801.0370346838716,86.81951837402877,801.0148255544204,28890936.135542393,7.29504687173947e-07,8.533294167477615,15.441232314742876,15.390263406524124,0.0366813084329346
3155833142,79.77922883445963,815.0939350791467,79.73392477924136,815.047633863252,14348227.585966792,7.295046871854044e-07,0.7716824855772886,15.42246771441404,15.38929170926723,0.036690279156534444
2306424974,85.55143237712471,803.8339006024045,85.5248087473484,803.8047028707986,22129303.68542467,7.295046871762586e-07,0.5893236780986313,15.415165739807989,15.377131178566144,0.036755057154473025
1270415731,68.76653498435542,835.4348279890562,68.66192398791055,835.3891072907995,15264709.021640467,7.295046872013011e-07,1.2597783199537067,15.431952897555378,15.37786390666851,0.036719472197154324
1346866909,75.57134794101974,825.9878365101966,75.6180258168911,825.9408057070377,14505749.708036322,7.295046871940155e-07,13.276570914940791,15.415276259476993,15.386883332991985,0.03659665428788356
4140991555,87.55960812576699,798.6081052448006,87.62099151775217,798.5883355790818,32259479.07349496,7.295046871719264e-07,54.09618464787565,15.464253243850107,15.411078341176406,0.036422600498153546
1671450000,73.17043846009894,827.4480769559036,73.10961938519955,827.4056829320601,16149333.777133144,7.295046871951524e-07,2.118742013684406,15.425208484219175,15.383382748516306,0.036759161514160976
2109057103,80.18553752857747,815.7687226950721,80.01192384125375,815.7269416491121,15926947.49417648,7.295046871859445e-07,0.3139445328408183,15.442100235372182,15.371170679264958,0.03681940347665519
197202503,59.97970070993751,848.872132725614,59.845503380476075,848.8089548078427,11404780.232739588,7.295046872113845e-07,0.3112586110926086,15.439841277441841,15.376291463830322,0.03667631167851082
1363186119,82.79802780413584,812.1621185210848,82.85915405041014,812.1335770326205,23109661.1260603,7.295046871830475e-07,4.1758210114315695,15.426706023098033,15.391352101604724,0.03657796387622014
1198915233,39.41222996822262,873.0713118558691,39.268713893134354,872.9586554333598,6765305.887749651,7.295046872287613e-07,0.275053852229336,15.4218411056177,15.37641781375912,0.036694136117801535
3974888415,75.56623948907747,824.9690094908833,75.60462173412306,824.9233646172605,14909367.8435377,7.295046871932198e-07,2.6031838768419675,15.422521763857588,15.395211444972226,0.036638117024613726
2216979366,88.84770218732014,794.788256036183,88.7804975290519,794.7657180086753,28026874.080074973,7.295046871687237e-07,2.9920089772126084,15.430152649897801,15.381072114122528,0.036940038125426566
2355016592,79.60862262278704,815.7231920457453,79.53016145693485,815.6789891228697,15052585.33612227,7.295046871859081e-07,0.6221125407388098,15.453205873044814,15.4047783749415,0.03649105617327353
4131216335,24.164107946981577,882.344449510003,24.023520299110853,882.2274499779667,6653261.599815422,7.295046872351673e-07,0.07152694683545414,15.433260122115856,15.392483276480018,0.036648969545557464
2060304245,88.87240766101729,796.2723434773153,88.88597846354862,796.264012753262,76108992.13608998,7.295046871699716e-07,69.18173787389851,15.43583415725451,15.396259457858713,0.036541884683658044
3451641952,23.18507022720351,882.0919466519123,23.398784675020174,881.9303731963216,4814798.797613445,7.295046872349946e-07,0.02143253983217103,15.394012918075571,15.441245893795179,0.03667421609785826
3276754463,76.45568051163212,823.4612791239699,76.42913818953686,823.4138360213038,14291843.757185502,7.295046871920387e-07,0.2416180938476995,15.423204486919444,15.368305414714825,0.03675149022772556
40211072,41.60896837408018,871.4645572509056,41.294449758951984,871.3665243358819,7746021.243475858,7.295046872276373e-07,0.21886067160078554,15.418027117753681,15.385672570159748,0.03673128927591668
2649415032,67.15214308848944,839.2558831405432,67.09062309571993,839.2003724471367,12687714.861562738,7.295046872042012e-07,5.826486919660904,15.43413470628503,15.396540349259766,0.03655787462096782
3994513717,21.307443733739333,882.4188982920008,21.555778582739766,882.2639065835546,5023019.310223101,7.295046872352182e-07,0.129246708016708,15.43832625788232,15.39237930883962,0.036566256159330124
3161875110,85.38131740901265,805.6088803817163,85.43274073333916,805.5920409915333,38540119.0384211,7.295046871777173e-07,10.298729397631943,15.4286998034933,15.37833201819491,0.036616326366637364
2609298173,72.21351639343573,830.9952018080932,72.22330543700326,830.9332800898354,11151201.681841975,7.295046871978978e-07,0.9342170870706518,15.446292426442369,15.396982621733013,0.036629580556640506
3043374771,87.72417943795722,798.8637512468149,87.67105304088938,798.8506046854698,48542943.967930645,7.295046871721396e-07,4.181138171218931,15.42647625593925,15.37524330417573,0.03679955178612143
2031448524,75.00628473421358,826.9399580273698,75.05698531339739,826.8948921502233,15173174.71010655,7.295046871947572e-07,6.565204127112728,15.431066696551143,15.382571014787995,0.03661101021943752
3281912526,27.67458538326582,880.2311307715494,27.739419362350006,880.0963227186643,5746601.666258766,7.295046872337193e-07,0.09440819884541991,15.429232723989102,15.382431531060853,0.03668471791238326
1197532025,65.6109723918418,839.4222222508771,65.42028933257524,839.3533903015315,10236117.018899113,7.295046872043269e-07,0.5121637655453519,15.451238457185509,15.392794631602136,0.03663654020846169
2782382113,83.89379539185322,807.7166127437455,83.81266018249578,807.6923672533542,26907541.67003589,7.29504687179441e-07,1.3251932223590397,15.42852689509387,15.387759727006546,0.03673479099011989
2916721721,83.01483433491255,810.7973277759959,82.95551000195161,810.772052832792,26008834.46389868,7.295046871819445e-07,2.356709190419066,15.407498854171953,15.385958504118031,0.03679661342492008
3891194905,91.41977138276907,790.2666014157891,91.43903962543425,790.259921408492,93490320.37853625,7.295046871648926e-07,16.586935587351835,15.470329496974369,15.393661129085427,0.03639941805483726
3177599877,27.56056732897908,880.3677624540854,27.7573781695038,880.2568990326106,6990130.615461122,7.295046872338131e-07,0.8484883181681643,15.42144653890545,15.383304306994761,0.03661996901243081
326245412,83.37396854981795,807.3396046552583,83.27237936801598,807.3192738845403,32058834.97717531,7.295046871791334e-07,49.0573661090088,15.434310381622351,15.375542712576555,0.03677925720928854
2143908384,85.64911179124461,803.7523091986694,85.59322148162948,803.7238020034243,22660765.335378915,7.295046871761913e-07,0.9182778383240952,15.420685336638076,15.376444349824546,0.036773643677369405
3993198858,27.042046766481015,880.2679709726486,26.919795604183932,880.1437366802293,6236300.188652644,7.295046872337445e-07,0.1978942032871312,15.426010803930891,15.371623983545199,0.036690559917597676
2581957936,88.29385002165826,798.4987351552093,88.33907696156285,798.4884562300399,62029055.74585272,7.295046871718352e-07,13.731246925304564,15.441808053054604,15.407971852614535,0.03647380610823825
2049227684,79.36625181148933,816.9769001388644,79.27824545964413,816.9463435111685,21842275.853982665,7.295046871869092e-07,3.6944726454394643,15.42885061006314,15.369257436378176,0.0367168279026901
71531001,24.67361790022714,880.638635141378,24.395385325839687,880.5358641929729,7545263.653491231,7.295046872339991e-07,0.1265277924877425,15.445333040505782,15.393623663345313,0.03659926001587671
748157322,28.605038882439406,879.2251321501607,28.65491691877848,879.085236232309,5524920.56141787,7.295046872330276e-07,0.1391045037935035,15.438496441736623,15.367615889378362,0.03660960295298349
96615180,58.69973982996023,850.28653374498,58.792775355937174,850.206323333615,9012782.44723213,7.295046872124274e-07,2.2894951578675724,15.432350755108354,15.398140314938532,0.03656341259991569
1647625747,69.21826198401529,836.6717263694352,69.13805182493873,836.6241944430426,14726518.830830071,7.295046872022428e-07,1.4902815079367793,15.422431464226495,15.37135078047539,0.03679294163260238
88479615,30.208476441283942,879.0276104452695,30.11948844602389,878.9313835147743,8028988.86851251,7.295046872328915e-07,1.1227426611767932,15.42959900321927,15.39614804320391,0.03667777628165125
2568459647,64.4784149320941,843.5838834205534,64.27757662312861,843.5306261634461,13361349.796298612,7.295046872074546e-07,0.5172979298094165,15.437052311619462,15.370625687278329,0.03669653873324874
3557626199,50.524077185036646,859.6305468584351,50.8258061834467,859.5509138880183,9278772.57737943,7.295046872192306e-07,1.6425444457262492,15.459336382824686,15.389513051781698,0.036579400533825135
2105647885,92.1291226228517,788.6977746429195,92.13223070398446,788.6933204691125,139653433.76246044,7.295046871635531e-07,4.45393976797891,15.421286803618893,15.37186243278437,0.03676913717724434
2730473683,25.98672384763588,882.0480002129825,25.813721382674654,881.9046290675095,5425653.8990541855,7.295046872349645e-07,0.09803043431896798,15.41853123705966,15.385016761594754,0.036707559264900436
3154867633,54.42080357539424,856.0267002559093,54.20118827280036,855.9474060926896,9240451.048074706,7.295046872166244e-07,0.33688505735852237,15.434838472634206,15.390981880215916,0.03659254118127159
3507033696,78.03020053199803,817.6775841136329,77.83174916334116,817.6240014145094,12477027.643752119,7.295046871874674e-07,1.0502522055365382,15.453673509954868,15.401872262628745,0.03661470014452056
77791609,89.63105348711359,795.0140588360011,89.63807215764645,795.0022406564249,53480145.06381851,7.29504687168914e-07,11.732535261772977,15.438144477542917,15.41043232087297,0.036510763633904486
2284855481,80.1830252157321,815.4051345191828,80.16507141133916,815.349485432942,11947009.407714566,7.295046871856536e-07,1.2904124658580771,15.448260503689989,15.410980775533416,0.03650864019971517
1021188999,56.73822265345162,853.8839933443726,56.79869599743823,853.8127257649961,10229855.233241225,7.295046872150643e-07,0.8288420659717012,15.425839898889608,15.374991984696381,0.03665606505153518
3406666102,45.951791829439216,865.0556049884711,46.01758933811346,864.9713476471572,8880511.784118237,7.295046872231131e-07,0.7941204844828628,15.43796533454671,15.388975783744073,0.036639667792653985
1358601538,37.13921836882677,872.8362511413245,37.09103392075566,872.7162588757301,6348229.062377938,7.295046872285971e-07,0.542512094252088,15.432047645595341,15.395271230794698,0.03663183511955759
3363103766,71.23387204148165,830.3571170293674,71.24542344714231,830.2954785544098,11185250.127129368,7.295046871974056e-07,0.3588266846012696,15.491870808357229,15.400315472852663,0.03644460173218744
3453690018,86.77332279665102,801.0273924874649,86.70328951409843,801.0093963031575,35653695.08987013,7.295046871739389e-07,21.089814128405862,15.4309102914141,15.382631883547644,0.036711394825189925
3922814446,84.87642174425535,806.40536525244,84.82023907160045,806.3822576944838,28141051.52436881,7.295046871783696e-07,1.2607115390365327,15.421421846108462,15.37919254808517,0.036717931442302676
4228457904,84.42208157758736,806.6117733232352,84.352264196463,806.5893750763192,29047116.437979534,7.295046871785387e-07,1.0236736984783654,15.430433551214719,15.38949938290643,0.03673122412499069
2661647088,73.48658287098473,828.4038883884303,73.47002571690727,828.3541349395962,13792245.611606112,7.295046871958946e-07,3.6277337390230278,15.42645134436572,15.38667937009061,0.036724129659086224
1253922889,87.58705928939992,799.4957221069984,87.52988466924991,799.4735136703858,28780758.64887726,7.295046871726662e-07,2.083997965952702,15.430575355538585,15.374261555129097,0.03671888847331606
3390259163,64.66571425228854,841.5983867344974,64.36127117623957,841.5186882774387,8886254.472153187,7.295046872059662e-07,0.28140215547821534,15.390512946480095,15.445127953722148,0.03669214649991637
2256710301,85.2206877640663,806.5326178363625,85.3337479659608,806.508006152564,26429520.98822123,7.295046871784738e-07,1.953234711665067,15.442872996285288,15.387423783738445,0.03646057088493948
1077769271,73.25884939425129,828.6416340563793,73.13041141629037,828.5752175522123,10337670.294784887,7.295046871960789e-07,-9.640230982221599,15.421143001740509,15.379932845997667,0.03679777616353469
3714044354,74.50339025205692,827.6479025917857,74.26097736514097,827.5791440355863,9961584.13802812,7.295046871953078e-07,0.27813783936231273,15.411392981084356,15.387918940660274,0.03678980782134783
3470972646,67.84498990884711,837.476948091078,67.6981243468353,837.3934197020578,8395920.162105158,7.295046872028542e-07,0.12027380766549303,15.43716686455678,15.360322547438665,0.036672326061081006
1630079042,68.46074030998972,837.695828712843,68.63863513920592,837.6292379566501,10537176.010021769,7.295046872030204e-07,1.6459132205699136,15.422749078603834,15.382764879536017,0.03664723734107861
259548164,52.564591975308,859.9555400903938,52.64703203885619,859.8714313503084,8791609.533139348,7.295046872194647e-07,0.2585096306832296,15.441240422513692,15.353773700868539,0.0365720127082661
2781350032,46.18763552218583,867.1389241913523,46.52865751911769,867.036539079211,7343266.183991328,7.29504687224591e-07,0.5141656443687987,15.423343173413116,15.374025650796202,0.036636575372209934
2489373407,68.54513794183482,837.1817493389835,68.71164480908966,837.1319711059421,14079077.644526895,7.295046872026302e-07,44.38438012391081,15.434807821036474,15.37716625731691,0.036523859799031666
