,Seed,Mode,P_BKS,t_BKS,P_DKM,t_DKM,t_depol,t_pol,P_eq,t_dep_turns,fit_reliable,N_over_tau,qx,qy,spin_tune
0,3981081104,misaligned,92.2619555089882,745.7836908006902,90.92433608195084,734.9748872152262,50711.65182151477,745.7836908006902,90.92478312534864,70580178766.17511,False,2.833656750326172e-07,15.425471625495854,15.366330964610288,0.4983614235804136
1,1392999357,misaligned,92.35105936067193,743.9668883476071,91.84767317599524,739.9191271243353,135995.01064210793,743.9668883476071,91.84859743277823,189277056014.8784,False,1.0566521067628965e-07,15.440335375748768,15.369403243414212,0.4906011299591453
2,136304618,misaligned,92.28867697431365,744.3660758824194,91.81877030093068,740.5529598218707,144564.83671949804,744.3660758824194,91.81591572446708,201204489549.60324,False,9.940136050030521e-08,15.403893476489849,15.423681027471911,0.4924591724045346
3,2069092292,misaligned,91.95194590704077,742.9444467295198,87.88695389782521,709.6974129542614,15859.03137635859,742.9444467295198,87.83706293735204,22072506601.468742,False,9.061046106412384e-07,15.45755191543213,15.354685831201849,0.498013883326838
4,4065003327,misaligned,92.16780993579142,742.8242127581171,90.42990586235294,728.6422883612112,38164.99926852471,742.8242127581171,90.40815147301132,53117821530.7236,False,3.765214653698082e-07,15.43083104644478,15.3753310435433,0.4920100023819392
5,2672839169,misaligned,92.17691750930318,742.4476909574362,84.65434543558634,681.282469067019,8269.676466715066,742.4476909574362,84.58308742362993,11509687071.789532,False,1.7376667041643896e-06,15.450963314238308,15.420729437926338,0.4869790919295129
6,1954193856,misaligned,92.2085675612095,743.898453201385,90.3444935539007,728.7058580849199,35680.748187692625,743.898453201385,90.3253973150584,49660255486.48752,False,4.027365506696189e-07,15.433380932293383,15.378146472048616,0.4931118247578095
7,1753684486,misaligned,92.03075551047948,740.1142592771976,82.54397227282855,663.8105253495779,6438.684058837077,740.1142592771976,82.54263905601815,8961322606.70795,False,2.2318134139071285e-06,15.475006007453771,15.40217517541663,0.4884043512031229
8,2135894156,misaligned,92.13602032692997,742.6926350352975,90.3477831906706,728.1447441947662,37172.93074858974,742.6926350352975,90.3312565485286,51737066399.10712,False,3.8657004333637997e-07,15.443813197634206,15.393470468344224,0.4922793034835489
9,3023483286,misaligned,92.29155411564466,744.2822111659304,90.0567022063449,726.1396822128435,29789.27853389158,744.2822111659304,90.04186687665302,41460542670.49996,False,4.823863536699537e-07,15.453283909472615,15.412682446065144,0.490808170377797
10,2326265147,misaligned,92.30255472097656,743.7747368024936,87.21211571121343,702.6620078481271,12711.9328548694,743.7747368024936,87.20045898382759,17692393387.581375,False,1.1304293072094125e-06,15.453907283958676,15.387089339020177,0.4894158193203253
11,3145756365,misaligned,92.09269119112987,741.3819028338335,31.28312061283832,251.53608763824587,380.7000029390073,741.3819028338335,31.245212695036432,529856025.1653801,False,3.7746102809263226e-05,15.482019109552754,15.377103961786824,0.4898951360426951
12,600425424,misaligned,92.19288064505496,744.0436299030235,89.90419887483274,725.2720185409885,28747.346987681587,744.0436299030235,89.86692977838196,40010388472.16208,False,4.99870177814328e-07,15.431461004306936,15.361190331919603,0.4943908378796321
13,3763452637,misaligned,92.34229470987889,744.4388128327085,90.13261049688224,726.641367283652,30394.25154159014,744.4388128327085,90.13464925447822,42302540544.72341,False,4.727848432378536e-07,15.44346897261343,15.39529389763626,0.4905561393153182
14,1208918778,misaligned,91.9116813698322,740.5721809706405,88.5315384283136,713.1790643352034,19280.777069888733,740.5721809706405,88.51194874063322,26834872134.1822,False,7.452988745388522e-07,15.441379275822856,15.369075990871826,0.4911242889574046
15,3981081104,corrected,92.375736092522,748.7582175244922,92.33882815760533,748.4552120175572,1849510.908616516,748.7582175244922,92.33835372250174,2574138405500.778,False,7.769589994563312e-09,15.380760208080048,15.342371803317672,0.4964956755263739
16,1392999357,corrected,92.37585942599783,744.6412850509673,92.31711135192634,744.1666182318821,1167423.4739225819,744.6412850509673,92.31697502590579,1624813125300.8704,False,1.2309107852816338e-08,15.430078428360703,15.364803952950961,0.49148541397678086
17,136304618,corrected,92.37576495339158,744.6663123219763,92.32304474463714,744.2425668926776,1307889.9014393976,744.6663123219763,92.32319938472106,1820313473025.2307,False,1.0987118590492786e-08,15.41429157120712,15.392363752631802,0.4918321788426401
18,2069092292,corrected,92.37538380892798,744.8576813430774,92.23360784056051,743.7113283229479,483236.0414949701,744.8576813430774,92.23321597892851,672565080605.4736,False,2.9736899188990144e-08,15.42156528466291,15.382556915642862,0.4922792934385245
19,4065003327,corrected,92.37569998792532,743.4616771678192,92.31257498094912,742.9537080365474,1087384.2047290266,743.4616771678192,92.31258442257129,1513414941154.1958,False,1.3215146392533388e-08,15.432629863271478,15.384595972672216,0.4882131310485294
20,2672839169,corrected,92.3666447600519,719.8258224710036,92.2758391821903,719.1169541685156,730232.8954058102,719.8258224710036,92.27568416287187,1016333849271.6488,False,1.9678573152250033e-08,15.64909350068141,15.612344705224803,0.41901664172955483
21,1954193856,corrected,92.37554661920254,743.0899227207617,92.34531809227573,742.8475733411468,2277713.880450931,743.0899227207617,92.34541950304845,3170108783406.281,False,6.3089317643257675e-09,15.441523933845865,15.379537433553331,0.4870931608131535
22,1753684486,corrected,92.37535304673017,742.3367302435537,92.22001075633588,741.0873956901559,440343.535400623,742.3367302435537,92.21988758780597,612867542877.391,False,3.263347885270726e-08,15.439154682756046,15.401451000745261,0.48511961162618705
23,2135894156,corrected,92.37565808690316,745.6742339464853,92.36517197581206,745.5863823723912,6328452.964551596,745.6742339464853,92.36477485317793,8807903617958.71,False,2.2706878807371794e-09,15.419521176891319,15.365640793205877,0.4945165537969171
24,3023483286,corrected,92.37577243391118,745.9450279286094,92.34106950856093,745.6621106319434,1966026.646285798,745.9450279286094,92.34073673712932,2736304323951.1353,False,7.309128529651499e-09,15.409043337283826,15.368099564179454,0.4954225113918408
25,2326265147,corrected,92.37564682991514,743.9951793588474,92.27777363306296,743.2072622839255,701777.6844835719,743.9951793588474,92.27781776937341,976730054057.2968,False,2.0476486739525233e-08,15.433553971167779,15.37452341619096,0.4896794909597182
26,3145756365,corrected,92.37556158584866,745.686700521948,92.27546877842491,744.8806909509373,689132.7903478792,745.686700521948,92.27571323571237,959130964764.8057,False,2.0852209692661025e-08,15.41437803773708,15.364225387436772,0.49460168867371784
27,600425424,corrected,92.3757069735915,745.5926446211197,92.35909940741489,745.4595180299432,4175042.180483939,745.5926446211197,92.3592131641828,5810799153062.885,False,3.4418673702494015e-09,15.41210089102188,15.364691790466534,0.49424413568807885
28,3763452637,corrected,92.37575587447664,744.2379822741711,92.29597806002607,743.5950834175368,860806.7953469877,744.2379822741711,92.2959584585332,1198065835294.929,False,1.669357343378094e-08,15.41586991599046,15.396900135637473,0.4905480451630265
29,1208918778,corrected,92.3682515840054,742.6938022116343,91.97226194826861,739.4978384384441,171848.14983334046,742.6938022116343,91.97077205074913,239177244286.24844,False,8.36199951198698e-08,15.437386188141852,15.403405676271978,0.486425713619592
