,R56,Vdeb,Phasdeb,RMS_Spread_%,Efficiency_%
148,0.21286968781249735,-0.05656642862714996,0.2316908549358205,7.793405263898825,93.60000000000001
108,0.2571995413729056,-0.06449082448659525,0.4168836917467422,7.7999016160207,93.60000000000001
79,0.22896726488128244,-0.05532920610041056,0.19864917117068998,7.811611910638498,93.60000000000001
145,0.2092217368386332,-0.07166351099177934,0.43153700208435053,7.867903858626016,93.60000000000001
13,0.25308477766956905,-0.06963379738878622,0.4369269451372737,7.9266917085337525,93.60000000000001
37,0.22441802850159598,-0.06671987826008065,0.3462802507830083,7.959886546190916,93.60000000000001
22,0.27303616213380455,-0.07318604125510784,0.3310690818512059,7.983285930577168,93.60000000000001
83,0.21588958757150592,-0.07612234592717042,0.4071152047344685,8.068140250594709,93.60000000000001
146,0.3523910834949742,-0.03450096703520837,0.4451003723380048,6.484037787030161,93.4
137,0.3757547397237945,-0.0686033047938635,0.3876510207516246,6.658427874694296,93.4
99,0.22697285674832612,-0.022048581679895984,0.3640900059296388,6.814139839820036,93.4
81,0.3558245317068895,-0.07460443603422118,0.3438580078774527,6.9681263690355255,93.4
3,0.34966462104925916,-0.07658208595836555,0.32310046552437227,7.080785716124527,93.4
24,0.314017496054259,-0.053224081438582524,0.43420284823211797,7.082930533588519,93.4
49,0.24621361388138177,-0.033018668121356426,0.3190509704999827,7.100452971695467,93.4
85,0.2812958305066868,-0.04163218271077419,0.38121832563469704,7.13531140116892,93.4
64,0.2702336274218452,-0.043173116797869615,0.4295126830717838,7.209245632582142,93.4
61,0.267837257943474,-0.046215720346096015,0.3251508764548236,7.348892775944405,93.4
128,0.2017380326327977,-0.0447049684113445,0.22282025439322756,7.443431570583961,93.4
26,0.24991844553958995,-0.04635933928463011,0.2940239183789902,7.4512357500478545,93.4
117,0.24664251472150897,-0.0446273874019336,0.21503259087947058,7.462977552202677,93.4
96,0.3306832073454985,-0.08577237775240285,0.4004444631450541,7.498399780037311,93.4
6,0.21452090304204988,-0.04917966788911822,0.28070512190541835,7.5485709037135615,93.4
57,0.2489957156047863,-0.050474734633791624,0.3050214534457122,7.555374269476624,93.4
60,0.2971693224223705,-0.06768993159501208,0.23585947417228267,7.627779099990692,93.4
125,0.3067769471565641,-0.07477255579692006,0.29233510881330743,7.645231925287842,93.4
110,0.272437863228442,-0.057748915995124536,0.21175977315664518,7.65685169224972,93.4
82,0.2827245062131623,-0.06346441730604613,0.32012999637295936,7.65861456189517,93.4
19,0.27280728504951046,-0.06136605852176373,0.18758501435760838,7.7550616971550985,93.4
68,0.21863766091994272,-0.0525550651429178,0.16852689717625374,7.758343520878467,93.4
105,0.2623230572872187,-0.06647981063124747,0.4134331299736701,7.829444770957951,93.4
95,0.3234488990910977,-0.010752215611841198,0.4257650639612477,6.395326132771061,93.2
113,0.40203009489110425,-0.07225055214543949,0.30070326084315013,6.538142481733619,93.2
129,0.32768682564439144,-0.030631099584584848,0.14097345574966205,6.654324342717373,93.2
20,0.35296322368059485,-0.04836534572365764,0.2922293326471421,6.658182838912192,93.2
38,0.37105825662803926,-0.07055241324659903,0.2659608401805638,6.762687835904253,93.2
54,0.3494749947027713,-0.0590356410510615,0.12469906159015046,6.856594972494236,93.2
15,0.24585112746335847,-0.0247046256616143,0.34359097213279427,6.8805215868339085,93.2
46,0.2779277690223527,-0.04110664816946409,0.3222827778036753,7.16751507263909,93.2
121,0.4240228249808733,-0.028482990798122887,0.3763663499780938,6.1772688097566215,93.0
120,0.4018600387910156,-0.028595826678222955,0.377052665304047,6.226588130859044,93.0
67,0.40054924518850993,-0.03802628923229638,0.41687272468462233,6.239982565571292,93.0
33,0.43722138431333335,-0.01839909699285286,0.1406254241774207,6.253093167390494,93.0
53,0.4237068376069122,-0.015216871720938108,0.15702704947850038,6.253678985093463,93.0
127,0.41518264581408587,-0.05250541038333523,0.41069646396540493,6.25527307406962,93.0
115,0.41786514754692944,-0.03888470733686933,0.2569559326924119,6.256982444573232,93.0
126,0.40450369148062326,-0.030255723154983732,0.25453567548068196,6.26124349068127,93.0
69,0.44672173415012933,-0.0226164884258733,0.12427645530630792,6.263176083864217,93.0
88,0.42180318564408165,-0.05317915561392482,0.3627151630743004,6.26615790138313,93.0
7,0.41654403644373383,-0.03575705770069236,0.21303476552943607,6.26751201923316,93.0
76,0.3928175866714865,-0.004048416787133163,0.39570635883930905,6.275303473980164,93.0
92,0.39019626215422437,-0.012770341466932733,0.23020633002747412,6.276357094457138,93.0
80,0.41577585646889836,-0.030778304468752737,0.1413576896675797,6.281946090122732,93.0
91,0.37831119680574876,-0.006910713449611888,0.24441618691899927,6.2900267809496615,93.0
50,0.44239615694113965,-0.05369525307685684,0.2760976905030307,6.301627391723363,93.0
111,0.24030532181350112,-0.0014919224843605028,0.4325216884677817,6.325506756609396,93.0
43,0.42733010051969555,-0.0550347814090098,0.25184807723329056,6.332807046174055,93.0
28,0.3481036422155106,-0.009490501689489811,0.24686002184972647,6.342797722578098,93.0
4,0.23900466011060914,-0.0021524318834098832,0.3541319668029316,6.3431949311946445,93.0
62,0.40718437728798235,-0.05220581107460992,0.2603885116720308,6.354683217426273,93.0
116,0.40091801922477865,-0.04544763885070981,0.20262377009432259,6.357512607469892,93.0
114,0.35835093912760585,-0.01839403921080668,0.32114302425942975,6.3581751914250475,93.0
97,0.30688525458963745,-0.005001777143449571,0.25014790958125643,6.36362824657579,93.0
98,0.2063547816860238,-0.005457003436612068,0.3628048737270241,6.413033084679455,93.0
11,0.4424774630404986,-0.05515412541096308,0.12745973346979309,6.413144992792994,93.0
35,0.40209933702911527,-0.051002393094873144,0.11425508081163956,6.428197613125835,93.0
48,0.3366775698358199,-0.016937036360232416,0.23111441511926492,6.435354649644348,93.0
9,0.3770181444490114,-0.040767547708221066,0.19479128794172598,6.437112102160712,93.0
106,0.30259573075890744,-0.009576783875882844,0.23622058755695707,6.440864452625475,93.0
107,0.3888877846357622,-0.04559553049875405,0.10379317801810443,6.441692768780569,93.0
12,0.40811066020010545,-0.054970543385865794,0.10887276019541013,6.443917426536921,93.0
47,0.3300170052944527,-0.01543346100711343,0.11585640342021558,6.45211834395841,93.0
70,0.39306119232416437,-0.05135806615494849,0.13527230048209932,6.456219724345064,93.0
41,0.32379422752781756,-0.015417636307000993,0.26571511977319795,6.461427868824737,93.0
139,0.4429455206802402,-0.06137501091464838,0.12847207322466492,6.466365685163823,93.0
134,0.4357274259781298,-0.0632579788505739,0.1294373821402491,6.475970076205042,93.0
90,0.22989856148457544,-0.008931212347062845,0.44667679970023566,6.483665291666093,93.0
0,0.29363502971184063,-0.01376011710500194,0.1180886024090127,6.545790527819366,93.0
130,0.30435275078719476,-0.01649919872736505,0.15004708871849254,6.55677889136743,93.0
78,0.28961643213606814,-0.016193016723433012,0.3850639689061275,6.57300967248112,93.0
142,0.3243121264730964,-0.02660991590105126,0.23099477851464212,6.608697194482968,93.0
32,0.2162628982463199,-0.011295957258215583,0.10503772102041456,6.6155303768021225,93.0
123,0.2275129811319192,-0.0130139171165293,0.2730471066459035,6.622192239002479,93.0
42,0.2085971302788046,-0.014937291425500432,0.16062065446850532,6.700606119480658,93.0
122,0.279500868742966,-0.01993915221298445,0.13192213606704162,6.722380814842078,93.0
102,0.27858899526908165,-0.022329499272471465,0.27683833035675,6.7544976920394655,93.0
36,0.2761534422933427,-0.02741666996981762,0.39941120440385247,6.842060560767857,93.0
71,0.2496789203835431,-0.06475370949967925,0.10637763897804241,8.068247095857952,92.60000000000001
101,0.3591026028159451,-0.0922353407097112,0.4158935173378483,7.192355188474189,91.60000000000001
124,0.25698379063548543,-0.07329864017085932,0.1201455660058255,8.24435688930195,90.8
27,0.3285586096034029,-0.09198969805491938,0.3141022611820233,7.669945980802133,90.60000000000001
93,0.34031929939237404,-0.09447619496168333,0.37174453625969883,7.521450279783965,90.2
73,0.4038653571137085,-0.09484262954108497,0.3390523706957249,6.802130015657469,89.8
136,0.3296976554358415,-0.08016029728013098,0.12546705222746773,7.440184571406522,89.2
118,0.42313974962249445,-0.09607632731703672,0.3353814596269634,6.749842926907535,89.0
66,0.23523105624369067,-0.10119004527610984,0.43641669733836996,8.752909224745675,88.6
45,0.3656305710884955,-0.09761856380810086,0.31554753431827576,7.212742712114436,88.0
103,0.3271426727911757,-0.10246169922655834,0.3892601131377096,7.896962254414936,87.6
132,0.2299663418334207,-0.09366255710400839,0.31637632216069134,8.731503051162031,87.2
131,0.25552695261768255,-0.09930072647226962,0.36652872110111523,8.771384837704195,86.4
119,0.3348355604789127,-0.10596122336032598,0.36333108530318803,7.840481159297674,81.8
143,0.27521957745419245,-0.09597140378831057,0.22972475147341181,8.603416028855053,81.39999999999999
30,0.3518862129753596,-0.09884004734246121,0.22459043752794156,7.433982267610556,80.60000000000001
5,0.23899863008405067,-0.11369170927327493,0.4415482278118871,9.080629755125123,76.2
138,0.2909074005948235,-0.10701881218075734,0.34718477950477367,8.612610370857752,73.2
8,0.35027875293580224,-0.11435436840114005,0.3783151681690463,7.742350169733167,69.39999999999999
112,0.4324244130856433,-0.1289873977145214,0.43271250142814466,7.2912572957138,66.0
44,0.26469499540000424,-0.0991455313426949,0.2394766570390807,8.804530304367637,62.2
1,0.43767857660247905,-0.11406571639995414,0.2859741210488518,7.070260377539508,59.4
147,0.32566975580721536,-0.11762684587547352,0.36368236484062955,8.25446707915902,54.800000000000004
10,0.20514612357395062,-0.09483253009211201,0.2536399972469726,8.730373664790356,53.800000000000004
25,0.3962939903482534,-0.12384503564925128,0.358263920843519,7.334894031782382,53.6
52,0.43487473539104726,-0.12575569288580793,0.33054277106663077,7.2661395907459365,53.400000000000006
16,0.27606056073988444,-0.10188299025423962,0.24313353054499445,8.7399987891666,53.0
89,0.3180537312904873,-0.12343339808894266,0.3823921587435424,8.527712320904683,49.6
86,0.38240154458451603,-0.10788414563387164,0.19871210039995726,7.2023821420350185,48.8
51,0.39378320584027865,-0.13737900525074268,0.39977144441591284,7.616231873462942,48.8
75,0.38225179201024684,-0.11340155349313746,0.21164147060281646,7.2922549382971615,42.6
34,0.44140800826863985,-0.11130875584272665,0.11610092470761346,7.119988492046943,40.0
2,0.3829984854528513,-0.12826576918631652,0.28922229256353726,7.543061950959805,39.0
104,0.42689161848152324,-0.12457608799708612,0.2120173603607141,7.2760409012893765,38.2
55,0.4304685587557792,-0.14862044225750554,0.3248467473722104,7.736702089999116,38.0
65,0.3356740207895621,-0.11441263687547998,0.235135923230271,7.998462506954743,37.2
84,0.27774558042891556,-0.12071355183029332,0.35727486533136,9.143100326618338,36.0
77,0.2185111629335226,-0.09103534129998594,0.10814517750753906,8.925730516413967,33.800000000000004
63,0.2891883316733973,-0.11635960358091603,0.29096587626057724,8.89619663063731,32.2
74,0.3767143359619043,-0.11021964484774119,0.12491602696108015,7.302616935566471,31.4
141,0.26294557395634105,-0.14439777168761783,0.4453238524754114,9.841580455711128,27.200000000000003
144,0.2712101235943669,-0.13094092310221728,0.38447984854012585,9.471182439147716,26.400000000000002
140,0.4406118237355278,-0.14542496250914258,0.12969319992981718,7.721005381223687,25.2
94,0.39274179498864026,-0.14768150752066989,0.21928123908855623,7.813254471466574,25.0
59,0.28133258269081607,-0.1258787922873752,0.30141596225655765,9.259912574958763,20.599999999999998
17,0.33118910790805944,-0.12202222344002187,0.16065301202479604,8.227337046641072,17.8
14,0.24545624180177517,-0.13645653449183875,0.39259304217927204,9.773646037841168,17.4
23,0.29159046082342294,-0.1160256337203093,0.19797686393108,8.870673835993165,16.8
135,0.2808007330051888,-0.1446086589304887,0.34533919601069196,9.734171166111208,16.8
39,0.31003812343490034,-0.11372215636493224,0.1342419562278505,8.466882147636698,13.8
87,0.35938936783880326,-0.1463526050352819,0.16210384032290298,8.179685654155142,13.0
31,0.2426310309218229,-0.13297897181391163,0.3652461386625292,9.72618759988722,12.6
58,0.21130682222763453,-0.1492407624230672,0.4290805844987351,9.74648975044159,6.6000000000000005
100,0.20785729642168357,-0.10583266618956214,0.13609335409257642,9.261156348666368,6.0
18,0.307986254660529,-0.1438837287667854,0.1547529649348801,9.19996365128979,5.4
21,0.23487346516301047,-0.14751182566082158,0.35010857294502185,10.135351097319397,4.3999999999999995
133,0.284403792850907,-0.13590270902386964,0.13539293664297658,9.510385691687144,3.4000000000000004
40,0.23050955871119472,-0.13603458482911512,0.27206555629089135,9.955513403258244,3.4000000000000004
149,0.26966161605915284,-0.1371978802509348,0.12922525084453407,9.814061640315433,3.2
29,0.21161260317999944,-0.129371858378101,0.1867058463254051,9.837146690493501,1.0
72,0.2013805292809006,-0.13594878482578612,0.13305503626457493,10.022858090403707,0.8
56,0.22212312551297989,-0.13477926857009517,0.10927895868956763,10.171198326276844,0.8
109,0.21924497745719826,-0.13542352593438473,0.13195033687514673,10.146924390086431,0.6
