,Seed,Mode,P_BKS,t_BKS,P_DKM,t_DKM,t_depol,t_pol,P_eq,t_dep_turns,N_over_tau,qx,qy,spin_tune
0,1352311016,misaligned,8.934197745905875,887.6843924168827,8.94033914818826,887.6692083417422,51894507.54075195,7.295046872387956e-07,8.638026541132932,35489689452.157974,2.8177197812566215e-08,15.417686475266905,15.384154528183634,2.3429450467287884e-05
1,4265790702,misaligned,26.25739950024628,881.3846784886076,26.249587847596928,881.371671608404,59724351.66980517,7.295046872345105e-07,25.66634087363257,52465136504.21683,1.9060276340263142e-08,15.42045618388335,15.375844754764216,8.986228552547818e-06
2,2033195523,misaligned,3.262485589561708,888.396491072116,3.2774112430067204,888.3816457973206,53164063.83451399,7.29504687239276e-07,3.1606871683638875,37811091836.33935,2.6447265906215477e-08,15.4240633065198,15.38116938604743,1.6988879970038833e-05
3,3064137806,misaligned,45.64585993758416,866.5611970053145,45.645033603161096,866.5497540709803,65622887.47118961,7.295046872241819e-07,44.47719852686541,45208476520.71031,2.2119745608810625e-08,15.42108957913087,15.374836817006653,1.723617373029637e-05
4,151816650,misaligned,87.78427489697106,800.5334504286154,87.78768942231765,800.5317919560549,386411263.5085927,7.29504687173529e-07,87.5565451958299,421910503497.0215,2.370170905230994e-09,15.422330751801244,15.379955096164558,6.405597352862704e-06
5,2006738056,misaligned,75.33362035205451,825.6965137297703,75.32999796769747,825.6908876001052,121179234.72722806,7.295046871937881e-07,74.13263412150151,69865660258.45648,1.4313183276314358e-08,15.419257694147255,15.383353957194426,5.7083325445075815e-06
6,1589678212,misaligned,7.230740672222785,887.9782892727575,7.23639225159903,887.9636383595459,53818654.24654738,7.295046872389941e-07,6.973389914237567,32983197712.342213,3.031846726085637e-08,15.424997479240709,15.379120475269142,1.183322201810055e-05
7,3519289126,misaligned,8.437257890580806,887.7750197471111,8.432681155827556,887.7593167949415,50189960.23739826,7.295046872388567e-07,8.158042582109015,35556710512.54367,2.81240864406515e-08,15.41335617383528,15.384553163089455,3.15574186821457e-05
8,1414809286,misaligned,13.46754264335345,886.6311884929247,13.463803144944077,886.6163414834867,52946804.12713551,7.295046872380834e-07,12.746194287372466,21475852120.88961,4.6563926514808595e-08,15.416953306705866,15.380174819005225,1.2531305508569314e-05
9,162751232,misaligned,14.892811294054054,886.2280186697627,14.909351044918592,886.2134664465232,53970255.37363252,7.295046872378103e-07,14.359871651820944,32733309853.045773,3.0549920081086815e-08,15.423227896154048,15.377459571068638,3.202709253889339e-05
10,2544151891,misaligned,5.510526575559226,888.1902706543113,5.504707843717855,888.1752295930409,52447668.64352463,7.29504687239137e-07,5.301367488893152,30859515138.1912,3.24049161343568e-08,15.424373767424925,15.37295611301914,7.2529416800150256e-06
11,1069101419,misaligned,49.288438175256175,862.804959038347,49.288084867124574,862.7939404693599,67560759.59930263,7.295046872215083e-07,48.120988513164185,48750707393.86172,2.0512522862917713e-08,15.421378864770166,15.379724744432686,6.985340378647087e-06
12,1059418063,misaligned,6.610484506171287,888.0274111249825,6.620958561804254,888.0123250666009,52272055.83639488,7.295046872390272e-07,6.258979035653613,21675528381.38464,4.6134976846000184e-08,15.4203820113997,15.381044428155144,2.50927846881599e-05
13,1902981319,misaligned,4.335011917010231,888.3111005729028,4.3517082570770205,888.2949666479574,48908265.16985235,7.295046872392185e-07,4.24094915186407,54901261810.97192,1.821451760877656e-08,15.41307156929719,15.382548946978936,2.107985552559239e-05
14,3514824567,misaligned,8.675584345376162,887.731232386822,8.642731495730633,887.7159391950192,51529672.47640841,7.295046872388272e-07,8.519774254837811,66540478595.23519,1.5028446159562304e-08,15.42409200045646,15.37460825439995,1.8436610892127036e-05
15,2003079152,misaligned,12.406526069413337,886.8913268907007,12.407514471244872,886.8769706185846,54788839.81131246,7.295046872382595e-07,11.98247642996136,34353596150.007576,2.910903404794725e-08,15.421120881397885,15.387040309866885,1.5615499858303883e-05
16,3879330855,misaligned,10.728936040138835,887.3053255722224,10.737259195663402,887.2907029605663,53841118.438901335,7.295046872385394e-07,10.23847892789754,25390976595.897896,3.938407001491851e-08,15.420952682742604,15.38210262693895,3.640233734859483e-05
17,803526140,misaligned,12.701088948719809,886.8396365396096,12.720526082488243,886.8240181750899,50355508.66811778,7.295046872382245e-07,12.410949756209115,52001470843.62787,1.9230225295108892e-08,15.42824593910706,15.373718803965629,4.313797946454309e-05
18,198764798,misaligned,4.827905954956602,888.2862465346047,4.8272370483673175,888.2706845935105,50703098.510990925,7.295046872392017e-07,4.683768881272929,39568046289.57908,2.5272918270502712e-08,15.419402092158776,15.377510584727023,1.707814900980618e-05
19,1378200820,misaligned,16.025754977091008,885.8781929116748,16.03552369416911,885.8637669165811,54399532.78128893,7.295046872375732e-07,15.501357435907506,35896739866.52693,2.7857683001806025e-08,15.422576230173002,15.377454688360425,1.738782288054893e-05
20,507574959,misaligned,10.283767275830458,887.4202928722685,10.281702187297116,887.4049806127456,51429456.67923959,7.29504687238617e-07,9.808468050946068,25103561738.01997,3.98349847896474e-08,15.413609642185309,15.38444198413393,3.314362455075673e-05
21,564666859,misaligned,8.187880600324187,887.8131522746545,8.194803858178865,887.7983226720644,53150380.97943864,7.295046872388825e-07,7.899180943181912,33298853555.5474,3.003106393233186e-08,15.4268834929486,15.378338229895462,2.8220672064651053e-05
22,2773173535,misaligned,46.7781057136236,865.3739501317335,46.77960673843947,865.3628797653066,67645682.59813195,7.295046872233393e-07,45.92856280635392,64131776155.43352,1.5592894192986976e-08,15.41491961184773,15.38785434812401,1.3408941761875982e-05
23,3929591377,misaligned,13.408602787981376,886.6222449018205,13.402773495825382,886.6078274076871,54523082.513837375,7.295046872380773e-07,12.859812176743716,28479901901.57589,3.511248049434702e-08,15.417280729344924,15.39158463619229,2.1617677488839616e-05
24,3272352816,misaligned,68.75595815388316,836.9109442985306,68.75794002720144,836.9044600234215,108017394.41203144,7.295046872024245e-07,67.59027947753849,66520660119.434105,1.503292357899871e-08,15.42103042792798,15.38357888545518,1.123776096797474e-05
25,1749312159,misaligned,24.20244267451893,882.4222343729272,24.195265518404675,882.407662429308,53435297.40815421,7.295046872352204e-07,23.39231443108621,34927522024.31433,2.8630717040386186e-08,15.41551649789078,15.388494764449929,1.8419184388180313e-05
26,3650295891,misaligned,50.858374863238645,861.0724655214023,50.85106124764827,861.0613702557716,66824559.387381926,7.295046872202673e-07,49.11077280327293,33170027780.49016,3.0147698597592884e-08,15.418718480816027,15.389561991190376,9.556733000168817e-06
27,3355010501,misaligned,17.286747219899055,885.3736570421469,17.311220034459733,885.3598798660314,56896588.100687355,7.295046872372309e-07,16.586367840544007,28741964628.895176,3.4792332845426633e-08,15.419630838793942,15.382385587267942,8.518599456416711e-06
28,2299039101,misaligned,2.573736249722871,888.4042843946511,2.588729200758395,888.3891983823652,52316593.35129796,7.295046872392814e-07,2.540579848281097,93314260135.54704,1.0716475687075196e-08,15.428017875455753,15.368043356203255,3.201906058759437e-05
29,786510300,misaligned,11.997018821430284,887.0054657990488,12.000434133928785,886.9909178027576,54080697.88113157,7.295046872383367e-07,11.72032844662284,51504353446.41113,1.941583445058625e-08,15.423308272133385,15.37791534777273,9.738688653487336e-06
30,3131665048,misaligned,12.698851597577592,886.8054473623499,12.71156945006413,886.7910178384261,54500142.17002504,7.295046872382014e-07,12.379192735523509,47076681443.25618,2.1241939094737356e-08,15.419865410473683,15.384493218835072,2.9525772076859574e-05
31,824222614,misaligned,9.28303448123282,887.6014924190976,9.264733318762818,887.5858560417528,50383954.87019062,7.295046872387395e-07,8.886715733896668,27282653571.3587,3.665332616508385e-08,15.418869045979708,15.379486088256144,1.86069660757896e-05
32,3216448511,misaligned,12.106905479319394,886.9870808558475,12.136957253995776,886.9717393844531,51281422.3420654,7.295046872383242e-07,11.73742661271172,38625355926.791695,2.5889729065418666e-08,15.418104943266489,15.377763822711296,3.450382482869038e-05
33,251584578,misaligned,55.79469485519712,855.1784064324689,55.78795205878067,855.1686913674482,75277087.40593012,7.295046872160076e-07,54.64510826144897,55723481102.53784,1.7945756083685458e-08,15.42315081649283,15.37466050934213,8.228390011339205e-06
34,833374683,misaligned,45.915394546831855,866.2825724326406,45.918981450932925,866.2710196038886,64956860.64407738,7.295046872239843e-07,44.98486076639174,57407115737.03975,1.7419443341843215e-08,15.417734468155162,15.37786827423847,1.5098751724095706e-05
35,1678817036,misaligned,8.175715195095131,887.8297957676425,8.184333251184515,887.8146697246369,52110675.38335262,7.295046872388937e-07,7.977994363348576,49106945940.07496,2.0363718021077845e-08,15.41517462191472,15.387858528257054,3.370394080281457e-05
36,2912723440,misaligned,8.004524590813295,887.8362125390412,8.004890293340317,887.8214459135752,53379834.93692767,7.295046872388981e-07,7.740689721739368,35706907199.215515,2.800578595118342e-08,15.42117510107346,15.38094640487521,2.4137910962421415e-05
37,3148273527,misaligned,6.262867172867059,888.1157122827457,6.281171321022251,888.1001797010736,50779435.14634003,7.295046872390867e-07,6.0901490948384245,42927104413.05475,2.3295305231346693e-08,15.419169541037016,15.376710580144318,2.551397091845889e-05
38,1352311016,corrected,6.833698711995123,888.0648672508104,6.839802877010265,888.0495465100142,51475683.39752907,7.295046872390524e-07,6.614613852735821,36754348874.46104,2.72076646879427e-08,15.417425086878874,15.384256083774261,2.362328671021892e-05
39,4265790702,corrected,29.125097023950847,879.8304490934452,29.118233544916105,879.8174828364569,59700360.076635726,7.29504687233444e-07,27.616213238650435,22073908437.823307,4.530235335607876e-08,15.419162808655056,15.375257852284705,9.302514663953556e-06
40,2033195523,corrected,6.211669653044566,888.1399273499233,6.228616383599403,888.1252508444779,53744367.056897484,7.29504687239103e-07,5.964297673125751,29353650107.000732,3.406731348076891e-08,15.423942081556763,15.380456077383878,1.7052271494384966e-05
41,3064137806,corrected,42.149622834688444,869.9469897882714,42.148365932489895,869.9350313614526,63285695.795281306,7.29504687226572e-07,41.1582758391615,49510371081.170555,2.01977884261973e-08,15.419995652101315,15.374153642119857,1.746393211665363e-05
42,151816650,corrected,87.24259062638372,801.717944683939,87.24613084241291,801.7161194560301,352147913.36590314,7.295046871745113e-07,86.84422689555636,239582272328.78418,4.1739315279040235e-09,15.422654445382943,15.38014225892606,6.410657317242808e-06
43,2006738056,corrected,74.0058469940076,828.0464195933158,74.00247782790954,828.0405779270878,117373367.3003144,7.295046871956173e-07,72.6742571152362,61949344046.0389,1.6142220961320106e-08,15.419677815911317,15.38293133270418,5.025474584583872e-06
44,1589678212,corrected,6.80449182175599,888.0528194933306,6.799769597281506,888.0380820010676,53511459.6474152,7.295046872390443e-07,6.591570823274269,37686095040.787834,2.6534985885847164e-08,15.424272028562253,15.378446679991423,1.1472971386756662e-05
45,3519289126,corrected,8.471859116017576,887.8081552782065,8.467296039660345,887.7925310302857,50446552.89875489,7.295046872388791e-07,8.080793073155194,25147506091.992687,3.9765374599846054e-08,15.413243302573115,15.38407518914013,3.171352228584294e-05
46,1414809286,corrected,7.398347754222392,887.9492335174247,7.395198583097841,887.933994674257,51738855.85087825,7.295046872389745e-07,7.2723729759988585,70267190832.81726,1.4231392889737734e-08,15.416357535864726,15.379770890065139,1.249975345153437e-05
47,162751232,corrected,21.2117219588522,883.8949687453373,21.228861313504215,883.8810382997772,56082772.03702773,7.295046872362253e-07,20.48078870876452,33950137193.881596,2.9454961972295576e-08,15.422618417029735,15.376134672319694,3.213071966693569e-05
48,2544151891,corrected,17.1436031520923,885.4775773647774,17.138157689449425,885.462814461827,53109979.14381123,7.295046872373015e-07,16.62124033602806,38622524371.68448,2.5891627133858057e-08,15.424273949088692,15.373402928209387,7.769675436284548e-06
49,1069101419,corrected,32.14407722226716,877.8346206892239,32.14257067268077,877.8209934752896,56547263.6267065,7.295046872320687e-07,30.962502851138122,31532587900.79974,3.1713223257981866e-08,15.421159825084432,15.380067183770983,6.223479604785084e-06
50,1059418063,corrected,9.425617063767644,887.5351149073831,9.435563623128871,887.5201461655454,52623346.934844054,7.295046872386948e-07,9.137772116341573,38622392244.85308,2.5891715708864787e-08,15.420675872744498,15.380878818529682,2.477738942631723e-05
51,3514824567,corrected,10.193912044355503,887.4763813990276,10.160801867480773,887.4612365459116,52004524.626841925,7.29504687238655e-07,9.9464806319079,48903880761.90055,2.044827495119913e-08,15.42349279174688,15.374583238180623,1.8283601957813935e-05
52,2003079152,corrected,12.306704876030707,886.8864401990879,12.307478401450902,886.8723376011612,55773769.80428183,7.295046872382562e-07,11.797221710792197,28150740995.488594,3.552304360870142e-08,15.42161692878428,15.38712694057948,1.5802988777917158e-05
53,3879330855,corrected,9.38347842230494,887.5847813541283,9.391565288030703,887.569933184372,53056610.882433034,7.295046872387282e-07,8.98284227681089,27280065297.908623,3.6656803753203013e-08,15.420604969186948,15.38268106947383,3.614530789902208e-05
54,803526140,corrected,10.380032620932987,887.4041451861099,10.399549544773228,887.3880648463529,48971095.07842675,7.295046872386062e-07,10.015449331967899,33416968227.29282,2.992491698224331e-08,15.427916908973009,15.374460468007088,4.285144764517462e-05
55,1378200820,corrected,11.43352078028894,887.2351414125176,11.444816268908891,887.2204789423381,53686260.054742396,7.29504687238492e-07,10.965831070344603,28516379413.728615,3.506756539782084e-08,15.42216378422186,15.37762717639359,1.718769706373284e-05
56,507574959,corrected,9.901462219041903,887.5183298594532,9.898826403041161,887.5032106193088,52097549.85788917,7.295046872386833e-07,9.711850079202337,62313920292.59113,1.604777865530787e-08,15.413577669466317,15.384088431843086,3.3052263084510816e-05
57,564666859,corrected,7.309351119230569,887.9741560959551,7.315352812861227,887.9595155842914,53856389.69525667,7.295046872389912e-07,7.056269368771155,33938024652.814327,2.946547450035736e-08,15.426562705098862,15.378340689700973,2.833928349325713e-05
58,2773173535,corrected,51.15227881590931,860.6651683258305,51.15300596245626,860.6549216928692,72290645.70251477,7.295046872199748e-07,50.06375293898804,54261373780.20932,1.8429315926474546e-08,15.415023684343996,15.387972550819793,1.3256956858649762e-05
59,3929591377,corrected,10.639631520962977,887.2869781846177,10.633584304811766,887.2724377675579,54143239.28235022,7.29504687238527e-07,10.065032416015894,21305231306.57051,4.693682906374272e-08,15.417017391953687,15.39161794877726,2.1584678965842986e-05
60,3272352816,corrected,69.41967372846851,835.8648249253912,69.4208906693192,835.8584346250166,109332053.76270327,7.295046872016287e-07,68.13692376253516,60862315762.28812,1.6430528274765813e-08,15.420660734659506,15.383909251959098,1.1612860909304552e-05
61,1749312159,corrected,28.684098635768635,879.9334852897185,28.677840152872314,879.9192469544843,54379279.389572814,7.295046872335147e-07,27.590794045967048,30440009653.786945,3.285150075093991e-08,15.415808524179049,15.389050748646643,1.8974651259266223e-05
62,3650295891,corrected,46.419200868566236,865.8325908872821,46.41166489735091,865.8207121944365,63109283.169955894,7.295046872236651e-07,45.71132721532806,76643252186.28935,1.3047463037833997e-08,15.418636579766163,15.388666097902304,9.544331830038821e-06
63,3355010501,corrected,19.448738640270964,884.4547782801225,19.472190435853605,884.4411548388473,57419281.200857595,7.295046872366065e-07,18.893245387142244,41235885239.05143,2.4250722258121297e-08,15.420015527946466,15.383237951937364,8.419234190721879e-06
64,2299039101,corrected,5.023959155922003,888.1708316936763,5.03820836671849,888.1559012038834,52833776.814445466,7.29504687239124e-07,4.8004836671694,26153120816.254017,3.8236354545439395e-08,15.428105927043744,15.368083867798656,3.242874783574834e-05
65,786510300,corrected,9.153771034163835,887.579026854113,9.15758601153622,887.5641998405281,53131627.90728534,7.295046872387244e-07,8.868416030607666,37812858599.981186,2.644603018721514e-08,15.423520001642553,15.378572430068852,1.0034639152675661e-05
66,3131665048,corrected,14.48110888053559,886.2519564535296,14.493925559289972,886.2375097963305,54367575.565642506,7.295046872378267e-07,14.115207659892873,46865422149.13285,2.133769321052628e-08,15.4196264246368,15.385023191479261,2.9812042647371717e-05
67,824222614,corrected,9.046516631232382,887.6441090774259,9.02938629730934,887.6285073485637,50500699.15721207,7.295046872387684e-07,8.739584182315355,34646450939.51949,2.8862985179799452e-08,15.41938556234423,15.379081988977502,1.8322046192219837e-05
68,3216448511,corrected,9.25923009880378,887.626527275076,9.288867303214321,887.6114010137007,52086064.4877037,7.295046872387565e-07,8.98515561895073,39889554924.677505,2.5069219295333732e-08,15.418861559575564,15.377772712535114,3.421208645946785e-05
69,251584578,corrected,54.62691173444855,856.4807298871681,54.620619323424535,856.4709028204062,74645959.13986757,7.29504687216954e-07,53.5494310931921,58349198426.88892,1.71381960157172e-08,15.423840987738037,15.375871014520149,8.526260692505217e-06
70,833374683,corrected,42.92247658200341,869.1817372541562,42.92504688488824,869.169766181763,63107670.09985401,7.295046872260335e-07,41.262187384041184,29610859267.099335,3.3771394169270235e-08,15.417654700064167,15.377977346522654,1.5120403004585699e-05
71,1678817036,corrected,7.0258222205746055,888.0406177237481,7.034912859253895,888.0254271813205,51914054.59467654,7.295046872390361e-07,6.732701785176183,27960699019.47891,3.576448497597813e-08,15.415007547753724,15.387735561100156,3.359505492044059e-05
72,2912723440,corrected,8.233778338180393,887.8304148626555,8.233563663527477,887.815671995284,53465159.56019891,7.295046872388941e-07,8.015610414366536,44714423306.03735,2.236414843496326e-08,15.420936556228623,15.380669367545812,2.4177420515456355e-05
73,3148273527,corrected,5.74682406355164,888.2291885061246,5.766884155401337,888.213744648299,51084216.297494985,7.295046872391633e-07,5.471598031330687,24205921972.215923,4.131220455671226e-08,15.418973410867563,15.376250622612321,2.5267804220143944e-05
