,Seed,Mode,P_BKS,t_BKS,P_DKM,t_DKM,t_depol,t_pol,P_eq,t_dep_turns,fit_reliable,N_over_tau,qx,qy,spin_tune
0,665583480,misaligned,92.31637793285772,788.8003252025089,86.45705050108468,738.4177174001477,11560.817532617544,788.8003252025089,86.41990487811901,15847489022.825811,False,6.310147926650447e-08,15.431197479458469,15.388814685035934,0.4909980939586032
1,3345837992,misaligned,92.31051772898488,789.0604343814359,89.72458042431309,766.7726979382434,27146.3187681302,789.0604343814359,89.70312240103246,37211986736.60492,False,2.6873061282060325e-08,15.412355599395436,15.38221754930122,0.4914120171635735
2,2788374629,misaligned,92.33348233641767,790.1162461339356,87.38904724809254,748.0359849918045,14045.430527118951,790.1162461339356,87.41595650665495,19253379397.381046,False,5.1938933906638e-08,15.424217501369084,15.395085229469162,0.492769431981408
3,1511833320,misaligned,92.28082691349792,788.6547391488872,24.635082085498723,210.51452420368415,287.16784074369326,788.6547391488872,24.63239413457719,393647697.58318985,False,2.5403425604659336e-06,15.464691919108612,15.410960413551775,0.4900992406247274
4,1691332383,misaligned,92.3301253571654,788.8420256958477,82.78596397873972,707.5349233525876,6864.508340633011,788.8420256958477,82.81352417816636,9409820738.745564,False,1.0627195010022172e-07,15.436295021988668,15.39053957336727,0.4901917432127651
5,2793489183,misaligned,92.33161930223658,790.7798828022765,74.40990405354609,636.9285529234654,3273.746719193025,790.7798828022765,74.36790686031924,4487629447.445912,False,2.2283479768347179e-07,15.423293083358493,15.38303551872928,0.4947106159368106
6,896204615,misaligned,92.31498799431034,789.0788464128176,67.99025773551747,581.7922107907482,2214.710683904066,789.0788464128176,68.06435275573592,3035910146.741855,False,3.293905127835229e-07,15.444672379832529,15.400665976784992,0.4903262858615882
7,2557614400,misaligned,92.31614926666958,789.7228269816763,80.40309397333957,687.4360667520785,5307.47041734465,789.7228269816763,80.35914422295102,7275443881.069393,False,1.3744865830138373e-07,15.42781795858328,15.397153516373686,0.4923999119171868
8,170431556,misaligned,92.2956801326213,788.7119085307299,79.86064099018147,682.0172279488254,5041.630066022117,788.7119085307299,79.81018574065222,6911031759.044132,False,1.4469619513632657e-07,15.431746254296137,15.40705581012632,0.4896562554094508
9,4214535423,misaligned,92.27221069020788,787.9843666116094,67.97497924184857,581.084293744672,2213.074808575959,787.9843666116094,68.04441135265165,3033667700.1128216,False,3.2963399384936266e-07,15.43644311199701,15.39859560921505,0.4888235260799325
10,2494580248,misaligned,92.23897714788924,788.6594053431796,76.45346738140428,653.5746753701536,3815.737092769202,788.6594053431796,76.43991707633803,5230586117.377974,False,1.9118316333185378e-07,15.432107270292846,15.359922968085025,0.4926328352503988
11,3125589512,misaligned,92.3121196140548,788.8316864296509,87.20763070756017,744.6576692878442,13297.626140529905,788.8316864296509,87.14270613285403,18228294296.41347,False,5.4859768211925144e-08,15.418800418111454,15.381968112262136,0.4907750739484738
12,1447467256,misaligned,92.22504919539617,788.8763964715006,42.077314433350935,361.7290885914795,668.0588514609568,788.8763964715006,42.288605844933805,915770470.8390172,False,1.0919766817593634e-06,15.450769926690594,15.394038173483274,0.4914006939398946
13,554988496,misaligned,92.25320599585326,787.8078176673604,77.58870501732382,663.5744047834294,4207.958966568556,787.8078176673604,77.70532975836663,5768241159.680168,False,1.733630707034182e-07,15.420279079433003,15.379645451377506,0.4891058197807248
14,2720358607,misaligned,92.33794669232272,788.8244761030697,89.7234529164063,766.4873628954086,27068.13485048831,788.8244761030697,89.72321650694762,37104812760.96733,False,2.6950681746923058e-08,15.432304842972895,15.380685062984693,0.4904315807369248
15,1628768903,misaligned,92.29146805922524,789.236526989711,63.0351340762045,538.9852878223098,1699.8392418543613,789.236526989711,63.02767519538983,2330127921.3042235,False,4.291609876252108e-07,15.435788064963557,15.38812224289124,0.4917183296318916
16,247849379,misaligned,92.3327749077542,789.04467142902,84.54945167449824,722.0927521548641,8510.03891363045,789.04467142902,84.49816589786514,11665502710.952663,False,8.572283807890305e-08,15.444465773749783,15.395844310396065,0.4900344703825725
17,985590580,misaligned,92.29862173907192,788.8772043219111,22.297532577778657,190.73662753906683,251.559220917788,788.8772043219111,22.31618272218543,344835646.859538,False,2.8999322114959022e-06,15.450034582395295,15.404805238442451,0.4900560467505607
18,1344800366,misaligned,92.24872258455906,788.343954929862,89.03772270695191,760.5307108200791,21556.629138512937,788.343954929862,88.994132726902,29549678703.765793,False,3.3841315502105973e-08,15.448636759641296,15.377953873909396,0.4901824734157238
19,2848871968,misaligned,92.33024644014196,789.8782938069336,81.73613205031984,699.665185947861,6126.05370137493,789.8782938069336,81.78507948712374,8397552207.002067,False,1.1908232010349134e-07,15.421162051926146,15.402019774449151,0.4923447242539498
20,665583480,corrected,92.37587671439519,789.9934193250524,92.13105698775253,787.9063917603715,298242.7616522693,789.9934193250524,92.13183543974858,408829122861.47504,False,2.446009699604579e-09,15.421452479387272,15.377601953155313,0.4921606532703499
21,3345837992,corrected,92.37584101910268,789.4143596315486,91.53432639767102,782.2319782225004,85974.98809989674,789.4143596315486,91.53537173312407,117853921343.07008,False,8.485080416535508e-09,15.421520036682134,15.392454985030419,0.4906869465606237
22,2788374629,corrected,92.37581130755768,790.38213965635,92.12678894550866,788.2490813189924,292077.3354219854,790.38213965635,92.12651038766919,400377599063.11066,False,2.4976422315834213e-09,15.418338834342368,15.374999444452573,0.49329910489452117
23,1511833320,corrected,92.3759023583521,790.1056420368271,92.18904407033814,788.5196377934094,392819.7653083635,790.1056420368271,92.19047326465244,538474627863.43463,False,1.857097713160248e-09,15.414390804902832,15.38025841506544,0.4925141373804834
24,1691332383,corrected,92.37580194706791,788.7792577444123,92.03953932201914,785.8896941195774,214528.40985013533,788.7792577444123,92.03739832590207,294074066180.2094,False,3.400503869617653e-09,15.425564049853486,15.39054784429785,0.4888516886289526
25,2793489183,corrected,92.37592955357253,793.5399195055107,92.1985111525967,792.0136771203408,411792.0427949578,793.5399195055107,92.19825977844391,564481695128.2299,False,1.7715366302052295e-09,15.392993057564336,15.350999586933339,0.4981364719838816
26,896204615,corrected,92.37583277314802,788.9771934261751,92.19425786776726,787.4164014934413,398037.4125972607,788.9771934261751,92.1930905395661,545626942818.8852,False,1.8327540697196452e-09,15.429340593121815,15.384329545159709,0.4894482028293892
27,2557614400,corrected,92.37589123465881,790.9470911330089,92.14611327693794,788.9796579969832,317185.450437413,790.9470911330089,92.14611178237631,434795630138.17993,False,2.299931118631978e-09,15.411018342444525,15.373720176330991,0.4947522757306057
28,170431556,corrected,92.37580779206546,787.6517689254065,90.65804295683613,773.0123919541935,41590.88048086027,787.6517689254065,90.658901506013,57012492413.31645,False,1.754001548906901e-08,15.436974024161593,15.39225993515098,0.48580989768395516
29,4214535423,corrected,92.37563330661322,782.7876376885725,3.659606769872919,31.015724733489634,32.29533516341677,782.7876376885725,3.660120672293441,44270222.93594219,False,2.2588546740480002e-05,15.468815217883355,15.448294567037815,0.47255263103385886
30,2494580248,corrected,92.37591532143463,791.6352952430713,92.32695941277699,791.2117046237503,1478670.8742361492,791.6352952430713,92.32648653596173,2026951846763.0366,False,4.93351631217565e-10,15.407598983210638,15.363239672039327,0.49666543813780606
31,3125589512,corrected,92.37582547153198,788.3331824560148,92.16973983300856,786.584959161416,354697.8386820283,788.3331824560148,92.17097100955944,486217353493.75323,False,2.0566933549665e-09,15.425725973196695,15.398548344337508,0.48775990475421466
32,1447467256,corrected,92.3757265406619,786.5601828825412,87.40928326188427,744.2660083128056,13841.386279960188,786.5601828825412,87.40858583186207,18973676949.18514,False,5.270459714678271e-08,15.44594344609398,15.411850258542817,0.48278202377658225
33,554988496,corrected,92.37589774761884,787.2844550785112,91.24454045334829,777.6461242130061,63520.20009357446,787.2844550785112,91.244985711002,87073052651.38138,False,1.1484609411866478e-08,15.440239924644997,15.400593462708283,0.4846935586916788
34,2720358607,corrected,92.37583813501675,789.0619120684764,92.03408481203952,786.1430366496171,212518.67196869646,789.0619120684764,92.0341240576993,291319131338.88,False,3.432661615473306e-09,15.425702508000374,15.38399754936661,0.48969198764701144
35,1628768903,corrected,92.37583756782442,788.8494951044535,91.88034373358488,784.6288937508631,146650.6914123022,788.8494951044535,91.88159679376373,201027757404.63364,False,4.974437425510226e-09,15.428325231844223,15.386938962384473,0.48905441497624397
36,247849379,corrected,92.37590765272294,789.1136986703932,92.28206360631043,788.3097311819488,773745.2280246571,789.1136986703932,92.28179291793445,1060644627682.1675,False,9.42822858760248e-10,15.423945529605037,15.38768451597536,0.4898650756233083
37,985590580,corrected,92.37584442476066,787.7943790006035,92.0519312932965,785.0224378053977,223105.83823424485,787.7943790006035,92.05080985301394,305831945912.99963,False,3.2697696017814673e-09,15.4362612562529,15.399834084816126,0.48617060761695097
38,1344800366,corrected,92.37578366366716,788.9671717619611,92.31087742804019,788.4050790253228,1106624.734419283,788.9671717619611,92.30997134739212,1516953561598.7207,False,6.592159610648185e-10,15.42548665830765,15.384002960332007,0.48941156629039184
39,2848871968,corrected,92.3758783845531,791.2288889681579,92.29994879639563,790.5752123914713,956934.9266222053,791.2288889681579,92.2995617222159,1311759804392.5215,False,7.623346870756586e-10,15.407238901149857,15.367325983011723,0.4954604720655782
